objid	container	server_template_crc	cell_index	px	py	pz	qw	qx	qy	qz	scripts	objvars
i	i	h	i	f	f	f	f	f	f	f	s	p
object/building/kashyyyk/thm_kash_rodian_bannerpole_s01.iff	0	0	195	0	0	0	0	0		
-774325041	0	unknown_67108864.iff	0	3.25441e-07	-1.36543e-31	1.06909e-14	4.6006e-41	0	0	0		$|
-1908401984	0	unknown_100663296.iff	0	1.18554e-20	2.57357e+17	6.21617e-29	4.6006e-41	0	0	0		$|
-2093773463	0	unknown_134217728.iff	0	2.94767e-21	-142.251	1.07494e-18	4.6006e-41	0	0	0		$|
-555016066	0	unknown_134217728.iff	0	1.64404	2.87897e-41	8.11365e-11	1.6731e-24	0	-6.42357e+17	0		$|
-1556862676	0	unknown_134217728.iff	0	3.08362e-08	-2.28031e-15	7.58967e-29	-9.31145e+28	0	1.45297e+07	0		$|
-1621582391	0	unknown_469762048.iff	0	1.24962e-29	6.01676e-31	1411.46	4.6006e-41	0	0	0		$|
-1668142224	0	unknown_603979776.iff	0	1.81861e-35	-2.17297e-15	5.5309e-09	4.6006e-41	0	0	0		$|
-1847828235	0	unknown_620756992.iff	0	8.43343e-13	8.37181e+36	5.41717e-33	7.29375e-33	0	3.80049e+24	0		$|
-565923755	0	unknown_620756992.iff	0	9.18043e-15	-1.24344e+25	2.36073e-35	1.56322e+07	0	-0.440355	0		$|
-1927376940	0	unknown_436207616.iff	0	2.38315e-34	-7.56067e+06	4.75861e-30	1.84736e+23	0	4.2379e+24	0		$|
-694282569	0	unknown_704643072.iff	0	5.67042e-11	4.6006e-41	6.93459e-32	4.6006e-41	0	0	0		$|
-556911782	0	unknown_872415232.iff	0	1.57103e-20	4.6006e-41	2.4269e-35	1.06738e+21	0	8.62312e+10	0		$|
-231542615	0	unknown_771751936.iff	0	0.0792871	4.6006e-41	4.78331e-25	4.6006e-41	0	0	0		$|
-976317925	0	unknown_905969664.iff	0	6.9868e-32	7.80891e-11	9.47223e-23	-9.91434e+23	0	1.8402e-38	0		$|
-1960783934	0	unknown_973078528.iff	0	2.10271e-05	-1.36041e-09	2.19135e-35	-4.21821e+29	-3.67117e+07	9.23828e+35	-1.56759e+10		$|
-879410635	0	unknown_973078528.iff	0	1.00457e-12	4.51033e-10	1.39647e-33	2.9831e-11	1.44606e-32	-6.9866e+36	9.50959e+17		$|
-1241413427	0	unknown_922746880.iff	0	2.2518e-25	1.75858e+20	0.0282017	1.16554e+20	0	-2.92424e+15	0		$|
-2079230854	0	unknown_905969664.iff	0	0.00422302	-3.5737e+17	6.11527e-21	1.16554e+20	0	-2.92424e+15	0		$|
-2083494600	0	unknown_989855744.iff	0	3.46911e-09	214.942	2.82187e-35	0	0	-3.02393e-21	14.2661		$|
-1946274642	0	unknown_150994944.iff	0	3.74362e-32	-1003.96	1.2278e-29	1.17936e+20	0	2.24738e+15	0		$|
-1677962170	0	unknown_150994944.iff	0	2.5726e-21	-1003.96	1.14892e-29	1.17936e+20	0	2.24738e+15	0		$|
-1647848179	0	unknown_1006632960.iff	0	2.8286e-09	-5.79853e+19	1.87222e-31	6.37396e-10	0	-108.604	0		$|
-1062241431	0	unknown_167772160.iff	0	1.2692e-20	-1.57401e-32	7.54659e-09	4.93795e-29	0	-6.29556e+15	0		$|
-854658269	0	unknown_335544320.iff	0	0.553692	5.16447e+10	6.36984e-21	4.6006e-41	0	0	0		$|
-2090498086	0	unknown_1241513984.iff	0	2.58541e-37	3.20176e-13	4.7779e-20	1.56585e-36	0	-1.52428e+20	0		$|
-942219052	0	unknown_1409286144.iff	0	6.54271e-34	-4.07498e+13	2.38203e-31	1.68449e-13	0	nan	0		$|
-1720483051	0	unknown_1426063360.iff	0	7.61452e-41	-0.00149877	1.62213e-38	4.6006e-41	0	0	0		$|
-609843239	0	unknown_1442840576.iff	0	1.18307e-38	-3.05507	1.91618e-38	4.6006e-41	0	0	0		$|
-751867451	0	unknown_1442840576.iff	0	1.18307e-38	-200217	1.91621e-38	4.6006e-41	0	0	0		$|
-641399737	0	unknown_1459617792.iff	0	1.18307e-38	-5.12555e+07	1.03463e-38	4.6006e-41	0	0	0		$|
-977230724	0	unknown_1459617792.iff	0	1.18297e-38	-5.12555e+07	1.03463e-38	4.6006e-41	0	0	0		$|
-1246571693	0	unknown_1442840576.iff	0	1.18297e-38	-200217	1.91621e-38	4.6006e-41	0	0	0		$|
-1674091023	0	unknown_1442840576.iff	0	1.18297e-38	-1.31214e+10	1.91618e-38	4.6006e-41	0	0	0		$|
-1182814570	0	unknown_1426063360.iff	0	1.18293e-38	-0.00149877	1.62213e-38	4.6006e-41	0	0	0		$|
-882045225	0	unknown_83886080.iff	0	7.54277e-41	2.48673e-29	1.62213e-38	4.6006e-41	0	0	0		$|
-1550073655	0	unknown_83886080.iff	0	7.54277e-41	-2.15332e-36	1.69559e-38	4.6006e-41	0	0	0		$|
-409244986	0	unknown_83886080.iff	0	1.18318e-38	9.26481e+31	1.62213e-38	4.6006e-41	0	0	0		$|
-280675418	0	unknown_83886080.iff	0	1.18318e-38	3.1163e+22	1.69559e-38	4.6006e-41	0	0	0		$|
-2133527664	0	unknown_83886080.iff	0	1.18286e-38	-2.75602e-34	1.62213e-38	4.6006e-41	0	0	0		$|
-517957242	0	unknown_83886080.iff	0	1.18286e-38	7.52345e+11	1.69559e-38	4.6006e-41	0	0	0		$|
-416999969	0	unknown_83886080.iff	0	0.00262345	-0.169129	0.335222	-3856.61	0	4.6006e-41	0		$|
-1804617885	0	unknown_67108864.iff	0	3.39411e-16	3.15633e+10	8.27172e-08	-1.68265e-21	0	-6.16298e+14	0		$|
-648240706	0	unknown_100663296.iff	0	1.18318e-38	1.73102e-41	1.916e-38	4.6006e-41	0	0	0		$|
-1239926135	0	unknown_100663296.iff	0	1.18318e-38	1.58753e-41	2.1364e-38	4.6006e-41	0	0	0		$|
-1416801220	0	unknown_100663296.iff	0	1.18318e-38	1.44404e-41	5.85701e-41	4.6006e-41	0	0	0		$|
-1550759483	0	unknown_100663296.iff	0	1.18286e-38	1.73102e-41	1.916e-38	4.6006e-41	0	0	0		$|
-1813593959	0	unknown_100663296.iff	0	1.18286e-38	1.58753e-41	2.1364e-38	4.6006e-41	0	0	0		$|
-1685100866	0	unknown_100663296.iff	0	1.18286e-38	1.44404e-41	5.85701e-41	4.6006e-41	0	0	0		$|
-91884238	0	unknown_100663296.iff	0	1.18318e-38	1.30055e-41	2.26262e-39	4.6006e-41	0	0	0		$|
-507892488	0	unknown_100663296.iff	0	1.18286e-38	1.30055e-41	2.26262e-39	4.6006e-41	0	0	0		$|
-1424652355	0	unknown_1677721600.iff	0	2.10319e-35	-3.41256e-37	1.68843e-12	-2.6815e+33	0	-1.02291e+28	0		$|
-1927988745	0	unknown_83886080.iff	0	9.44438e-07	-693.035	8.00586e-17	-9.0854e+12	0	4.00858e-34	0		$|
-1948313463	0	unknown_67108864.iff	0	6.58276e-12	0.000214824	0.849995	8.10264e-27	0	-4.05294e+25	0		$|
-1331595969	0	unknown_1744830464.iff	0	1.18171e-38	-5.28599e+20	7.89308e-40	4.6006e-41	0	0	0		$|
-1939786804	0	unknown_1761607680.iff	0	1.18185e-38	7.26259e+24	2.20948e-38	-6.54662e+29	0	-4.18984e+31	0		$|
-1376581304	0	unknown_1795162112.iff	0	7.41191e-36	-1.41914e-23	1.06715	1.894e+19	0	9.68402e-26	0		$|
-327503350	0	unknown_1744830464.iff	0	1.18171e-38	-8.82558e+31	1.9156e-38	4.6006e-41	0	0	0		$|
-1408844359	0	unknown_1761607680.iff	0	1.18185e-38	1.73483e+10	1.62173e-38	-6.70374e+32	0	-2.6815e+33	0		$|
-850991870	0	unknown_1744830464.iff	0	1.18171e-38	-4.58208e-19	1.32786e-38	4.6006e-41	0	0	0		$|
-1579429420	0	unknown_1761607680.iff	0	1.18185e-38	-4.90612e-17	1.03398e-38	-6.70374e+32	0	-2.6815e+33	0		$|
-414188864	0	unknown_1744830464.iff	0	1.18171e-38	-4.69003e-26	7.4011e-39	4.6006e-41	0	0	0		$|
-2054174542	0	unknown_1761607680.iff	0	1.18185e-38	0.0894761	4.46237e-39	-6.70374e+32	0	-2.6815e+33	0		$|
-580396567	0	unknown_1744830464.iff	0	1.18171e-38	6.16427e+13	1.52363e-39	4.6006e-41	0	0	0		$|
-1160876236	0	unknown_1627389952.iff	0	7.15501e-39	4.59624e-12	7.92784e-36	1.6831e+34	0	2.55717e+14	0		$|
-995942589	0	unknown_1476395008.iff	0	118.063	1.74691e-19	4.31415e-07	-3856.61	0	4.6006e-41	0		$|
-1879421507	0	unknown_67108864.iff	0	1.10155e-13	-3.32748e-38	2.61504e-08	1.894e+19	0	9.68402e-26	0		$|
-57733465	0	unknown_67108864.iff	0	1.7144e-06	8.11511e+12	0.0921026	-8.74143e+15	0	-2.48971e-24	0		$|
-166869423	0	unknown_67108864.iff	0	6.34087e-05	4.19534	2.29667e-07	1.27368e-37	0	5.74407e+29	0		$|
-1334587254	0	unknown_486539264.iff	0	5.67401e-05	1.1149e+13	7.99023e-10	-7.83406e-15	0	8.25074e-26	0		$|
-1978261515	0	unknown_1694498816.iff	0	1.69624e-28	-1.17802e+28	2.13478	-9.11201e-07	0	-797.988	0		$|
-961985415	0	unknown_1593835520.iff	0	5.78129e-27	-1.4029e+09	4.05833e-36	1.894e+19	0	9.68394e-26	0		$|
-1517888095	0	unknown_1845493760.iff	0	5.96851e-39	1.37575e+14	5.89999e-39	4.6006e-41	0	0	0		$|
-366350694	-1517888095	unknown_989921280.iff	16777216	0	0	0	4.6006e-41	0	0	0		$|
-797489960	-1517888095	unknown_989921280.iff	33554432	0	0	0	4.6006e-41	0	0	0		$|
-819222594	0	unknown_1862270976.iff	0	1.18424e-38	2.79627e-38	1.76531e-38	4.6006e-41	0	0	0		$|
-245990504	-819222594	unknown_989921280.iff	16777216	0	0	0	4.6006e-41	0	0	0		$|
-296982175	0	unknown_1845493760.iff	0	5.96851e-39	-3.18599e-30	1.76557e-38	-1.09834e+37	0	-2.49738e+24	0		$|
-1370878343	-296982175	unknown_989921280.iff	16777216	0	0	0	4.6006e-41	0	0	0		$|
-907629344	-296982175	unknown_989921280.iff	33554432	0	0	0	4.6006e-41	0	0	0		$|
-1734547049	0	unknown_1879048192.iff	0	2.06622e-38	2.305e-41	2.05937e-38	-1.71616e+35	0	-1.59832e+26	0		$|
-634427143	0	unknown_1895825408.iff	0	2.06622e-38	2.305e-41	4.43098e-39	4.6006e-41	0	0	0		$|
-1998115094	0	unknown_1895825408.iff	0	2.06622e-38	2.305e-41	1.91247e-38	-3856.61	0	4.6006e-41	0		$|
-2049076531	0	unknown_1879048192.iff	0	2.06622e-38	2.305e-41	2.96197e-39	9.59865e+18	0	4.39343e+37	0		$|
-727431475	0	unknown_1895825408.iff	0	1.18456e-38	2.305e-41	8.83837e-39	4.6006e-41	0	0	0		$|
-1658075832	0	unknown_1879048192.iff	0	1.18456e-38	2.305e-41	1.47158e-38	-2.6815e+33	0	-1.02292e+28	0		$|
-487332026	0	unknown_1879048192.iff	0	1.18456e-38	2.305e-41	2.96089e-39	-1.09834e+37	0	-2.49738e+24	0		$|
-1526027737	0	unknown_1895825408.iff	0	1.18456e-38	9.42239e-38	2.0593e-38	4.6006e-41	0	0	0		$|
-31736537	0	unknown_1879048192.iff	0	1.18456e-38	9.42239e-38	1.47155e-38	1.1554e-16	0	-3.15213e-05	0		$|
-1976131687	0	unknown_1879048192.iff	0	3.02941e-39	-6.00083e-36	4.4299e-39	5.08417e+27	0	-2.0029e+09	0		$|
-310702828	0	unknown_1895825408.iff	0	1.77227e-38	-3.10249e-08	2.18e-41	7.57601e+19	0	1.47765e-30	0		$|
-1647569027	0	unknown_1879048192.iff	0	8.90652e-39	2.3556e-38	1.91232e-38	1.30155e+30	0	-0.00182163	0		$|
-286724134	0	unknown_1895825408.iff	0	9.03165e-41	-7.75623e-09	1.47151e-38	7.57601e+19	0	1.47765e-30	0		$|
-1930584727	0	unknown_1879048192.iff	0	1.47836e-38	2.305e-41	1.0307e-38	1.30155e+30	0	-0.00182163	0		$|
-1331168788	0	unknown_1895825408.iff	0	5.96743e-39	-7.75623e-09	5.89891e-39	7.57601e+19	0	1.47765e-30	0		$|
-1550539875	0	unknown_1879048192.iff	0	2.06608e-38	2.305e-41	1.49081e-39	1.30155e+30	0	-0.00182163	0		$|
-1173792438	0	unknown_1895825408.iff	0	1.18445e-38	7.81444e-09	2.05922e-38	7.57601e+19	0	1.47765e-30	0		$|
-782361704	0	unknown_1879048192.iff	0	3.02833e-39	-2.3556e-38	1.61841e-38	1.30155e+30	0	-0.00182163	0		$|
-356245136	0	unknown_1895825408.iff	0	1.77217e-38	-7.75623e-09	1.1776e-38	7.57601e+19	0	1.47765e-30	0		$|
-1364012511	0	unknown_1879048192.iff	0	8.90545e-39	2.305e-41	7.36792e-39	1.30155e+30	0	-0.00182163	0		$|
-1798186635	0	unknown_1895825408.iff	0	8.92403e-41	-33.3127	2.95982e-39	7.57601e+19	0	1.47765e-30	0		$|
-1352526075	0	unknown_1879048192.iff	0	1.47826e-38	2.5293e-29	2.20612e-38	1.30155e+30	0	-0.00182163	0		$|
-1384545622	0	unknown_1895825408.iff	0	1.77206e-38	3.51997e+19	1.61838e-38	2.50536e-35	0	-9.52659e+18	0		$|
-1697570728	0	unknown_1879048192.iff	0	5.96564e-39	-4.67984e-07	1.61838e-38	4.6006e-41	0	0	0		$|
-708293421	0	unknown_1879048192.iff	0	5.96599e-39	-3.22544e+09	1.61838e-38	4.6006e-41	0	0	0		$|
-1574153149	0	unknown_754974720.iff	0	8.88816e-41	-2.7715e-33	1.76531e-38	-1.0316e+27	0	-6.02133e-36	0		$|
-640336000	0	unknown_1879048192.iff	0	1.478e-38	2.305e-41	1.61838e-38	4.6006e-41	0	0	0		$|
-136033243	0	unknown_1862270976.iff	0	8.90294e-39	4.61384e-36	1.76531e-38	4.6006e-41	0	0	0		$|
-679576211	-136033243	unknown_989921280.iff	16777216	0	0	0	4.6006e-41	0	0	0		$|
-755838250	0	unknown_1895825408.iff	0	3.02511e-39	2.305e-41	1.61838e-38	-4.29039e+34	0	-4.18984e+31	0		$|
-1994147924	0	unknown_1879048192.iff	0	1.47797e-38	9.29438e+12	1.61838e-38	4.6006e-41	0	0	0		$|
-839384774	0	unknown_1895825408.iff	0	1.77202e-38	1.50758e-36	1.61838e-38	-4.29039e+34	0	-4.18984e+31	0		$|
-783878158	0	unknown_1879048192.iff	0	5.96528e-39	2.37936e+15	1.61838e-38	4.6006e-41	0	0	0		$|
-1779966207	0	unknown_1895825408.iff	0	3.02439e-39	2.305e-41	1.61838e-38	-6.70374e+32	0	-2.6815e+33	0		$|
-1000427004	0	unknown_1879048192.iff	0	1.4779e-38	9.29438e+12	1.61838e-38	4.6006e-41	0	0	0		$|
-581695765	0	unknown_1895825408.iff	0	3.02475e-39	2.305e-41	1.61838e-38	-6.70374e+32	0	-2.6815e+33	0		$|
-1621756186	0	unknown_1879048192.iff	0	1.47793e-38	9.29438e+12	1.61838e-38	4.6006e-41	0	0	0		$|
-1796579464	0	unknown_1895825408.iff	0	3.02403e-39	2.305e-41	1.61838e-38	-6.70374e+32	0	-2.6815e+33	0		$|
-1154787398	0	unknown_1879048192.iff	0	1.47786e-38	9.29438e+12	1.61838e-38	4.6006e-41	0	0	0		$|
-1332609284	0	unknown_1895825408.iff	0	3.02367e-39	2.305e-41	1.61838e-38	-1.67594e+32	0	-2.6815e+33	0		$|
-1567775110	0	unknown_1879048192.iff	0	1.7717e-38	9.29438e+12	1.61838e-38	4.6006e-41	0	0	0		$|
-22498444	0	unknown_754974720.iff	0	3.02331e-39	0.003132	1.76531e-38	1.9665e+06	0	143701	0		$|
-160221230	0	unknown_1879048192.iff	0	1.18392e-38	2.305e-41	2.20612e-38	1.894e+19	0	9.68394e-26	0		$|
-773094635	0	unknown_1895825408.iff	0	3.02295e-39	2.305e-41	2.95982e-39	3.78279e-28	0	1.21216e+21	0		$|
-669667101	0	unknown_1879048192.iff	0	1.77163e-38	9.29438e+12	7.36792e-39	1.72259e+07	0	3.79919e+31	0		$|
-951443171	0	unknown_1895825408.iff	0	1.47772e-38	2.305e-41	2.05922e-38	3.78279e-28	0	1.21216e+21	0		$|
-1675863660	0	unknown_1879048192.iff	0	8.89971e-39	9.29438e+12	2.14413e-41	1.72259e+07	0	3.79919e+31	0		$|
-677285736	0	unknown_1895825408.iff	0	8.90007e-39	2.305e-41	1.1776e-38	3.78279e-28	0	1.21216e+21	0		$|
-1451091776	0	unknown_1879048192.iff	0	8.38593e-41	9.29438e+12	1.61841e-38	1.72259e+07	0	3.79919e+31	0		$|
-337472941	0	unknown_1895825408.iff	0	8.35006e-41	2.305e-41	4.42955e-39	3.78279e-28	0	1.21216e+21	0		$|
-497542809	0	unknown_1879048192.iff	0	1.47768e-38	9.29438e+12	8.83765e-39	1.72259e+07	0	3.79919e+31	0		$|
-481036515	0	unknown_1879048192.iff	0	8.31418e-41	2.305e-41	1.61845e-38	1.894e+19	0	9.68394e-26	0		$|
-2027357817	0	unknown_1895825408.iff	0	1.47765e-38	2.305e-41	2.05926e-38	3.78279e-28	0	1.21216e+21	0		$|
-1655606659	0	unknown_1879048192.iff	0	5.96025e-39	9.29438e+12	1.49117e-39	1.72259e+07	0	3.79919e+31	0		$|
-382676010	0	unknown_1895825408.iff	0	3.02116e-39	2.305e-41	1.47155e-38	3.78279e-28	0	1.21216e+21	0		$|
-2078548910	0	unknown_1879048192.iff	0	2.06532e-38	9.29438e+12	1.76542e-38	1.72259e+07	0	3.79919e+31	0		$|
-418660952	0	unknown_1895825408.iff	0	2.06536e-38	2.305e-41	5.89927e-39	3.78279e-28	0	1.21216e+21	0		$|
-1470053377	0	unknown_1879048192.iff	0	1.18374e-38	9.29438e+12	1.03074e-38	1.72259e+07	0	3.79919e+31	0		$|
-1285988818	0	unknown_1895825408.iff	0	1.1837e-38	2.305e-41	2.20623e-38	3.78279e-28	0	1.21216e+21	0		$|
-1572514480	0	unknown_1879048192.iff	0	3.0208e-39	9.29438e+12	2.96089e-39	1.72259e+07	0	3.79919e+31	0		$|
-2005344703	0	unknown_1895825408.iff	0	5.96061e-39	2.305e-41	1.32458e-38	1.894e+19	0	9.68394e-26	0		$|
-1694401449	0	unknown_1845493760.iff	0	5.95882e-39	-2.39624e+06	4.43206e-39	-3856.61	0	4.6006e-41	0		$|
-186538767	-1694401449	unknown_989921280.iff	16777216	0	0	0	4.6006e-41	0	0	0		$|
-122600461	-1694401449	unknown_989921280.iff	33554432	0	0	0	4.6006e-41	0	0	0		$|
-929473760	0	unknown_1845493760.iff	0	5.95882e-39	-1.32261e+22	1.61859e-38	-5.67829e+11	0	6.41373e-33	0		$|
-265498504	-929473760	unknown_989921280.iff	16777216	0	0	0	4.6006e-41	0	0	0		$|
-605774488	-929473760	unknown_989921280.iff	33554432	0	0	0	4.6006e-41	0	0	0		$|
-1471718036	0	unknown_1879048192.iff	0	1.47747e-38	5.03611e+30	1.32479e-38	-5.67829e+11	0	6.41373e-33	0		$|
-1690871624	0	unknown_1895825408.iff	0	1.47747e-38	5.03611e+30	5.90107e-39	-3856.61	0	4.6006e-41	0		$|
-739939829	0	unknown_1895825408.iff	0	1.47747e-38	5.03611e+30	1.47169e-38	4.6006e-41	0	0	0		$|
-1075392679	0	unknown_1879048192.iff	0	1.47747e-38	5.03611e+30	7.37007e-39	2.55727e+27	0	1.64904e+29	0		$|
-1297870615	0	unknown_1879048192.iff	0	2.06525e-38	9.29438e+12	1.32468e-38	-2.27132e+12	0	1.05083e-28	0		$|
-247641049	0	unknown_1895825408.iff	0	2.06525e-38	2.305e-41	1.91243e-38	5.32064e+17	0	9.44076e-38	0		$|
-183507661	0	unknown_1879048192.iff	0	2.06525e-38	9.29438e+12	1.49224e-39	-2.27132e+12	0	1.05083e-28	0		$|
-766969766	0	unknown_1879048192.iff	0	2.06525e-38	1.45225e+11	1.49189e-39	-9.08526e+12	0	1.72167e-24	0		$|
-1162106795	0	unknown_1895825408.iff	0	2.06525e-38	-4.24102e+37	7.36936e-39	-0.0448062	0	4.6006e-41	0		$|
-1840669246	0	unknown_1895825408.iff	0	1.77141e-38	9.64853e-35	7.369e-39	3.60755e-34	0	3.10313e+23	0		$|
-1578657808	0	unknown_1879048192.iff	0	8.89791e-39	1.52279e+17	1.17771e-38	1.10245e+09	0	8.84568e+21	0		$|
-1847629809	0	unknown_754974720.iff	0	8.17069e-41	-1.3411e-34	1.76546e-38	-8.52285e-10	0	-1.34254e+34	0		$|
-1617855107	0	unknown_1862270976.iff	0	8.90186e-39	-0.0271302	1.03113e-38	-3856.61	0	4.6006e-41	0		$|
-547631987	-1617855107	unknown_989921280.iff	16777216	0	0	0	4.6006e-41	0	0	0		$|
-941954754	0	unknown_754974720.iff	0	2.0655e-38	-41022.3	8.84195e-39	-9.8655e-32	0	-1.00742e+24	0		$|
-990038731	0	unknown_1862270976.iff	0	8.90258e-39	56383.3	1.03113e-38	-3856.61	0	4.6006e-41	0		$|
-1583250337	-990038731	unknown_989921280.iff	16777216	0	0	0	4.6006e-41	0	0	0		$|
-543283708	0	unknown_754974720.iff	0	1.47822e-38	-1.95507e-18	1.03113e-38	0.00856525	0	8.44614e+15	0		$|
-892094787	0	unknown_1879048192.iff	0	1.47783e-38	-7.05729e+08	1.17807e-38	-3856.61	0	4.6006e-41	0		$|
-1227429020	0	unknown_1895825408.iff	0	3.02224e-39	-29.6569	1.61884e-38	1.47766e-30	0	7.57601e+19	0		$|
-219423685	0	unknown_1879048192.iff	0	1.18384e-38	2.29021e-29	2.05965e-38	-1.2518e+08	0	2.03367e+28	0		$|
-894356231	0	unknown_1895825408.iff	0	3.02367e-39	7.93552e+18	1.17807e-38	-4.1899e+31	0	-4.29039e+34	0		$|
-1289777588	0	unknown_1879048192.iff	0	1.47786e-38	-1.05824e-07	1.17807e-38	3.7799e+09	0	4.6006e-41	0		$|
-1370102196	0	unknown_1879048192.iff	0	3.02547e-39	nan	1.17807e-38	-3856.61	0	4.6006e-41	0		$|
-1676495907	0	unknown_1895825408.iff	0	1.47804e-38	nan	1.17807e-38	-2.68154e+33	0	-6.70374e+32	0		$|
-5742861	0	unknown_1879048192.iff	0	3.02582e-39	8.22074e+12	1.17807e-38	3.7799e+09	0	4.6006e-41	0		$|
-5287943	0	unknown_1895825408.iff	0	3.02403e-39	3.41268e-37	1.17807e-38	-2.68154e+33	0	-6.70374e+32	0		$|
-1850418493	0	unknown_1879048192.iff	0	1.4779e-38	2.10451e+15	1.17807e-38	3.7799e+09	0	4.6006e-41	0		$|
-1053284267	0	unknown_1895825408.iff	0	1.47811e-38	nan	1.17807e-38	-2.68154e+33	0	-6.70374e+32	0		$|
-1087666448	0	unknown_1879048192.iff	0	3.02654e-39	8.22074e+12	1.17807e-38	3.7799e+09	0	4.6006e-41	0		$|
-1952257171	0	unknown_1895825408.iff	0	1.47808e-38	nan	1.17807e-38	-2.68154e+33	0	-6.70374e+32	0		$|
-524453818	0	unknown_1879048192.iff	0	3.02618e-39	8.22074e+12	1.17807e-38	3.7799e+09	0	4.6006e-41	0		$|
-2046302005	0	unknown_1895825408.iff	0	1.47815e-38	nan	1.17807e-38	-2.68154e+33	0	-6.70374e+32	0		$|
-298279220	0	unknown_1879048192.iff	0	3.0269e-39	8.22074e+12	1.17807e-38	3.7799e+09	0	4.6006e-41	0		$|
-1912013925	0	unknown_1895825408.iff	0	1.47818e-38	nan	1.17807e-38	-2.68154e+33	0	-6.70374e+32	0		$|
-1819259408	0	unknown_1879048192.iff	0	8.85228e-41	8.22074e+12	1.17807e-38	3.7799e+09	0	4.6006e-41	0		$|
-800053533	0	unknown_754974720.iff	0	8.17069e-41	-8.72489e+30	2.46699e-41	-4.62866e+27	0	-1.59232e-15	0		$|
-1803924927	0	unknown_1895825408.iff	0	2.06525e-38	6.2166e+33	1.49368e-39	-3856.61	0	4.6006e-41	0		$|
-446506169	0	unknown_1879048192.iff	0	2.06525e-38	6.2166e+33	1.91257e-38	-6.70374e+32	0	-2.6815e+33	0		$|
-686161365	0	unknown_1879048192.iff	0	2.06525e-38	6.2166e+33	7.37115e-39	-5.67829e+11	0	6.41373e-33	0		$|
-1240902027	0	unknown_1895825408.iff	0	2.06525e-38	9.94656e+34	1.32486e-38	-3856.61	0	4.6006e-41	0		$|
-866704997	0	unknown_1879048192.iff	0	2.06525e-38	9.94656e+34	1.91261e-38	-1.92388e-09	0	1.893e-12	0		$|
-2011058935	0	unknown_1879048192.iff	0	5.95918e-39	-1.58106e+36	5.90214e-39	-0.000455404	0	1.30155e+30	0		$|
-1321202141	0	unknown_1895825408.iff	0	1.47754e-38	2.82887e-13	1.03102e-38	1.47766e-30	0	7.57601e+19	0		$|
-1327962478	0	unknown_1879048192.iff	0	8.20656e-41	2.48664e+34	1.47183e-38	-1.2518e+08	0	2.03367e+28	0		$|
-867823003	0	unknown_1895825408.iff	0	8.89827e-39	7.07216e-14	1.91265e-38	1.47766e-30	0	7.57601e+19	0		$|
-8329267	0	unknown_1879048192.iff	0	1.77145e-38	6.2166e+33	2.50286e-41	-1.2518e+08	0	2.03367e+28	0		$|
-1142354174	0	unknown_1895825408.iff	0	3.02116e-39	7.07216e-14	4.43313e-39	1.47766e-30	0	7.57601e+19	0		$|
-1011219243	0	unknown_1879048192.iff	0	1.18374e-38	6.2166e+33	8.84124e-39	-1.2518e+08	0	2.03367e+28	0		$|
-1607575945	0	unknown_1895825408.iff	0	2.06536e-38	-7.07216e-14	1.32493e-38	1.47766e-30	0	7.57601e+19	0		$|
-62108707	0	unknown_1879048192.iff	0	5.96025e-39	-2.48664e+34	1.76574e-38	-1.2518e+08	0	2.03367e+28	0		$|
-959440082	0	unknown_1895825408.iff	0	1.47765e-38	7.07216e-14	2.20655e-38	1.47766e-30	0	7.57601e+19	0		$|
-298973321	0	unknown_1879048192.iff	0	8.31418e-41	6.2166e+33	2.96412e-39	-1.2518e+08	0	2.03367e+28	0		$|
-123628776	0	unknown_1895825408.iff	0	8.89935e-39	0.000303747	7.37223e-39	1.47766e-30	0	7.57601e+19	0		$|
-2122828343	0	unknown_1879048192.iff	0	1.77156e-38	-2.30586e-34	1.17803e-38	-1.2518e+08	0	2.03367e+28	0		$|
-686586156	0	unknown_1879048192.iff	0	1.18392e-38	6.33626e+34	1.17807e-38	0	0	4.6006e-41	0		$|
-599745315	0	unknown_1895825408.iff	0	8.45768e-41	5.95226e-33	1.17807e-38	-6.70384e+32	0	-2.6815e+33	0		$|
-1901485658	0	unknown_1895825408.iff	0	2.06547e-38	-5.2425e+16	1.49511e-39	3.60758e-34	0	3.10313e+23	0		$|
-683521780	0	unknown_1879048192.iff	0	5.96133e-39	4.02458e-14	5.90322e-39	-7.46133	0	3.10313e+23	0		$|
-247414913	0	unknown_1879048192.iff	0	5.96635e-39	5.9484e+14	4.43385e-39	1.41532e+23	0	1.10245e+09	0		$|
-994348645	0	unknown_1895825408.iff	0	1.47826e-38	3.76896e-37	2.57461e-41	7.57601e+19	0	1.47766e-30	0		$|
-534985847	0	unknown_1879048192.iff	0	8.92403e-41	5.9484e+14	1.91272e-38	1.41532e+23	0	1.10245e+09	0		$|
-1574480923	0	unknown_1879048192.iff	0	1.47829e-38	3.76896e-37	1.17803e-38	1.47766e-30	0	7.57601e+19	0		$|
-496930446	0	unknown_1895825408.iff	0	8.9599e-41	3.76896e-37	7.37223e-39	7.57601e+19	0	1.47766e-30	0		$|
-771028662	0	unknown_1879048192.iff	0	8.90581e-39	5.9484e+14	2.96412e-39	1.41532e+23	0	1.10245e+09	0		$|
-1416962376	0	unknown_1895825408.iff	0	1.18449e-38	3.76896e-37	1.32493e-38	7.57601e+19	0	1.47766e-30	0		$|
-1907927179	0	unknown_1879048192.iff	0	1.77224e-38	5.9484e+14	1.03106e-38	1.41532e+23	0	1.10245e+09	0		$|
-1517196923	0	unknown_1895825408.iff	0	1.7722e-38	3.76896e-37	2.20655e-38	7.57601e+19	0	1.47766e-30	0		$|
-1213832370	0	unknown_1879048192.iff	0	3.02869e-39	5.9484e+14	1.76574e-38	1.41532e+23	0	1.10245e+09	0		$|
-1807842458	0	unknown_1895825408.iff	0	3.02905e-39	3.76896e-37	5.9025e-39	7.57601e+19	0	1.47766e-30	0		$|
-1173119406	0	unknown_1879048192.iff	0	1.18453e-38	5.9484e+14	1.4944e-39	1.41532e+23	0	1.10245e+09	0		$|
-2140514387	0	unknown_1895825408.iff	0	8.90545e-39	3.76896e-37	1.47191e-38	1.47766e-30	0	7.57601e+19	0		$|
-99179545	0	unknown_1879048192.iff	0	1.18456e-38	5.9484e+14	2.05955e-38	-1.67596e+32	0	-1.0726e+34	0		$|
-596802758	0	unknown_1895825408.iff	0	1.18456e-38	3.76896e-37	1.4718e-38	4.6006e-41	0	0	0		$|
-266603785	0	unknown_1879048192.iff	0	1.18456e-38	5.9484e+14	8.84052e-39	-1.67596e+32	0	-1.0726e+34	0		$|
-601981178	0	unknown_1879048192.iff	0	1.18456e-38	9.29438e+12	8.84088e-39	-1.67596e+32	0	-1.0726e+34	0		$|
-1581859982	0	unknown_1895825408.iff	0	1.18456e-38	2.305e-41	2.96341e-39	4.6006e-41	0	0	0		$|
-60369850	0	unknown_1895825408.iff	0	2.06615e-38	6.17506e-33	2.05958e-38	7.57601e+19	0	1.47766e-30	0		$|
-1072483152	0	unknown_1879048192.iff	0	5.96815e-39	9.74586e+18	1.61877e-38	2.4315e+33	0	1.72259e+07	0		$|
-511182280	0	unknown_1895825408.iff	0	1.18456e-38	2.305e-41	2.96305e-39	4.6006e-41	0	0	0		$|
-1763831653	0	unknown_1895825408.iff	0	1.18456e-38	3.76896e-37	1.47176e-38	4.6006e-41	0	0	0		$|
-1057245553	0	unknown_1879048192.iff	0	1.18456e-38	5.9484e+14	8.84016e-39	-6.70384e+32	0	-2.6815e+33	0		$|
-187630280	0	unknown_1879048192.iff	0	1.18456e-38	5.9484e+14	2.05951e-38	-6.70384e+32	0	-2.6815e+33	0		$|
-1918968145	0	unknown_1895825408.iff	0	1.18456e-38	2.305e-41	2.96269e-39	4.6006e-41	0	0	0		$|
-278059252	0	unknown_1879048192.iff	0	1.18456e-38	9.29438e+12	2.05947e-38	-6.70384e+32	0	-2.6815e+33	0		$|
-804661704	0	unknown_1895825408.iff	0	1.18456e-38	2.305e-41	1.47173e-38	4.6006e-41	0	0	0		$|
-1506578347	0	unknown_1879048192.iff	0	1.18456e-38	9.29438e+12	8.8398e-39	-6.70384e+32	0	-2.6815e+33	0		$|
-340012484	0	unknown_1879048192.iff	0	1.47844e-38	2.305e-41	2.05937e-38	1.1554e-16	0	-3.15213e-05	0		$|
-775350060	0	unknown_1895825408.iff	0	1.47844e-38	2.305e-41	4.43098e-39	4.6006e-41	0	0	0		$|
-1057285909	0	unknown_1895825408.iff	0	1.47844e-38	2.305e-41	1.91247e-38	0	0	4.6006e-41	0		$|
-839730076	0	unknown_1879048192.iff	0	1.47844e-38	2.305e-41	2.96197e-39	-2.56549e-32	0	1.41959e+11	0		$|
-1720325307	0	unknown_1912602624.iff	0	3.03013e-39	1.36578e+08	4.43098e-39	-2.6815e+33	0	-1.02291e+28	0		$|
-1819263809	0	unknown_1912602624.iff	0	3.03013e-39	-3.09109e+09	1.91247e-38	-6.70374e+32	0	-2.6815e+33	0		$|
-1344509769	0	unknown_1879048192.iff	0	2.06525e-38	2.305e-41	1.32479e-38	-9.08526e+12	0	4.00858e-34	0		$|
-510004175	0	unknown_1895825408.iff	0	2.06525e-38	2.305e-41	5.90107e-39	0	0	4.6006e-41	0		$|
-1800559733	0	unknown_1895825408.iff	0	2.06525e-38	2.305e-41	1.47169e-38	4.6006e-41	0	0	0		$|
-989176014	0	unknown_1879048192.iff	0	2.06525e-38	2.305e-41	7.37007e-39	6.54662e+29	0	6.44154e+26	0		$|
-99858528	0	unknown_1912602624.iff	0	8.8972e-39	5.22979e+13	5.90107e-39	-1.71616e+35	0	-1.5983e+26	0		$|
-475396024	0	unknown_1912602624.iff	0	8.8972e-39	-5191.91	1.47169e-38	-2.6815e+33	0	-1.02291e+28	0		$|
-166571549	0	unknown_1946157056.iff	0	8.90617e-39	2.305e-41	1.17789e-38	4.6006e-41	0	0	0		$|
-1008557808	0	unknown_1946157056.iff	0	5.96743e-39	2.305e-41	8.84052e-39	-1.75735e+38	0	-1.56084e+23	0		$|
-175033873	0	unknown_1962934272.iff	0	8.90652e-39	2.305e-41	2.20641e-38	4.6006e-41	0	0	0		$|
-2146255511	0	unknown_1979711488.iff	0	2.06611e-38	2.305e-41	2.20641e-38	4.6006e-41	0	0	0		$|
-861259941	0	unknown_1979711488.iff	0	2.06608e-38	2.305e-41	2.20641e-38	4.6006e-41	0	0	0		$|
-1451363810	0	unknown_1962934272.iff	0	8.90581e-39	2.305e-41	2.20641e-38	4.6006e-41	0	0	0		$|
-1098210877	0	unknown_1962934272.iff	0	8.90617e-39	2.305e-41	2.20641e-38	4.6006e-41	0	0	0		$|
-2105657662	0	unknown_1962934272.iff	0	8.90652e-39	2.305e-41	2.20648e-38	4.6006e-41	0	0	0		$|
-1907249538	0	unknown_1979711488.iff	0	2.06611e-38	2.305e-41	2.20648e-38	4.6006e-41	0	0	0		$|
-152259559	0	unknown_1979711488.iff	0	2.06608e-38	2.305e-41	2.20648e-38	4.6006e-41	0	0	0		$|
-1367988389	0	unknown_1962934272.iff	0	8.90581e-39	2.305e-41	2.20648e-38	4.6006e-41	0	0	0		$|
-260442791	0	unknown_1962934272.iff	0	8.90617e-39	2.305e-41	2.20648e-38	4.6006e-41	0	0	0		$|
-31522106	0	unknown_1979711488.iff	0	8.90652e-39	2.305e-41	4.43241e-39	-1.71616e+35	0	-1.5983e+26	0		$|
-361495523	0	unknown_1979711488.iff	0	8.90652e-39	2.305e-41	1.61874e-38	-1.71616e+35	0	-1.5983e+26	0		$|
-414947945	0	unknown_1962934272.iff	0	8.90652e-39	2.305e-41	1.03099e-38	-1.71616e+35	0	-1.5983e+26	0		$|
-1487102080	0	unknown_1979711488.iff	0	8.90652e-39	2.305e-41	4.43206e-39	-6.70374e+32	0	-2.6815e+33	0		$|
-1633263716	0	unknown_1979711488.iff	0	8.90652e-39	2.305e-41	1.6187e-38	-6.70374e+32	0	-2.6815e+33	0		$|
-2023090290	0	unknown_1962934272.iff	0	8.90652e-39	2.305e-41	1.03095e-38	-6.70374e+32	0	-2.6815e+33	0		$|
-1630215851	0	unknown_1962934272.iff	0	8.90652e-39	2.305e-41	2.20645e-38	4.6006e-41	0	0	0		$|
-261972387	0	unknown_1979711488.iff	0	8.90581e-39	2.305e-41	4.43241e-39	1.1554e-16	0	-3.15208e-05	0		$|
-929093902	0	unknown_1979711488.iff	0	8.90581e-39	2.305e-41	1.61874e-38	1.1554e-16	0	-3.15208e-05	0		$|
-113925188	0	unknown_1962934272.iff	0	8.90581e-39	2.305e-41	1.03099e-38	1.1554e-16	0	-3.15208e-05	0		$|
-1978354172	0	unknown_1979711488.iff	0	8.90581e-39	2.305e-41	4.43206e-39	-6.70374e+32	0	-2.6815e+33	0		$|
-1963544267	0	unknown_1962934272.iff	0	8.90581e-39	2.305e-41	1.03095e-38	-6.70374e+32	0	-2.6815e+33	0		$|
-575724056	0	unknown_1962934272.iff	0	8.90581e-39	2.305e-41	2.20645e-38	4.6006e-41	0	0	0		$|
-1103827087	0	unknown_2013265920.iff	0	5.9642e-39	2.305e-41	4.43098e-39	4.00858e-34	0	-5.95421e+17	0		$|
-395087055	0	unknown_2013265920.iff	0	5.9642e-39	2.305e-41	1.03077e-38	-6.75445e+32	0	-3.87263e+22	0		$|
-1998850907	0	unknown_2030043136.iff	0	10.3727	2.305e-41	0.000699144	-2.6815e+33	0	-1.02291e+28	0		$|
-47277951	0	unknown_2046820352.iff	0	8.27831e-41	2.305e-41	8.83944e-39	4.6006e-41	0	0	0		$|
-514102941	0	unknown_2013265920.iff	0	5.9642e-39	2.305e-41	2.05944e-38	135381	0	-2.69011e-26	0		$|
-1003505868	0	unknown_2013265920.iff	0	5.9642e-39	2.305e-41	1.76564e-38	1.45364e+14	0	-1.64192e-30	0		$|
-502866725	0	unknown_369098752.iff	0	3.02152e-39	2.305e-41	5.90071e-39	4.6006e-41	0	0	0		$|
-1877414999	0	unknown_218103808.iff	0	2.42137e-19	2.305e-41	2.51498e-23	4.6006e-41	0	0	0		$|
-1871765073	0	unknown_134217728.iff	0	5.13774e-17	-2.08468e-24	3.37129e-12	2.09028e+23	0	-5.74613e+36	0		$|
-730679545	0	unknown_2063597568.iff	0	1.94482	-1.92961e-13	4.00748e-22	4.6006e-41	0	0	0		$|
-1126822512	0	unknown_1660944384.iff	0	6.28623e-37	2.305e-41	3.18077e-14	4.6006e-41	0	0	0		$|
-114141593	0	unknown_-2147483648.iff	0	1.77202e-38	2.305e-41	8.83837e-39	4.6006e-41	0	0	0		$|
-966789415	0	unknown_-2147483648.iff	0	1.77206e-38	2.305e-41	1.91236e-38	-1.71616e+35	0	-1.59832e+26	0		$|
-1792876202	0	unknown_-2130706432.iff	0	8.90509e-39	2.305e-41	1.91261e-38	4.6006e-41	0	0	0		$|
-1578278878	0	unknown_-2130706432.iff	0	1.18431e-38	2.305e-41	1.91261e-38	4.6006e-41	0	0	0		$|
-1014312830	0	unknown_1744830464.iff	0	8.49355e-41	2.305e-41	1.61845e-38	1.68449e-13	0	nan	0		$|
-273947954	0	unknown_1744830464.iff	0	8.49355e-41	2.305e-41	1.61852e-38	4.6006e-41	0	0	0		$|
-844833132	0	unknown_1761607680.iff	0	1.18392e-38	2.305e-41	1.61852e-38	4.6006e-41	0	0	0		$|
-1238801840	0	unknown_1778384896.iff	0	8.52942e-41	2.305e-41	1.61852e-38	4.6006e-41	0	0	0		$|
-76530079	0	unknown_1744830464.iff	0	8.38593e-41	2.305e-41	1.61852e-38	4.6006e-41	0	0	0		$|
-1692650479	0	unknown_1778384896.iff	0	8.35006e-41	2.305e-41	1.61852e-38	4.6006e-41	0	0	0		$|
-152657104	0	unknown_-2080374784.iff	0	8.35006e-41	2.305e-41	1.61848e-38	-1.09834e+37	0	-2.49734e+24	0		$|
-989354114	0	unknown_1778384896.iff	0	8.35006e-41	2.305e-41	1.61845e-38	4.6006e-41	0	0	0		$|
-525563990	0	unknown_-2080374784.iff	0	8.52942e-41	2.305e-41	1.61848e-38	-1.71616e+35	0	-1.5983e+26	0		$|
-579968618	0	unknown_1778384896.iff	0	8.52942e-41	1.2102e-17	1.61845e-38	4.6006e-41	0	0	0		$|
-666004177	0	unknown_1744830464.iff	0	8.38593e-41	2.305e-41	1.61845e-38	4.6006e-41	0	0	0		$|
-1715515024	0	unknown_1744830464.iff	0	8.4218e-41	2.305e-41	4.4299e-39	-1.09834e+37	0	-2.49734e+24	0		$|
-616437388	0	unknown_1744830464.iff	0	8.45768e-41	2.305e-41	4.4299e-39	-1.71616e+35	0	-1.5983e+26	0		$|
-1478078002	0	unknown_1744830464.iff	0	8.38593e-41	2.305e-41	4.4299e-39	-1.71616e+35	0	-1.5983e+26	0		$|
-1290654210	0	unknown_1744830464.iff	0	8.49355e-41	2.305e-41	4.4299e-39	-1.71616e+35	0	-1.5983e+26	0		$|
-10416672	0	unknown_1778384896.iff	0	8.38593e-41	2.305e-41	1.61845e-38	4.6006e-41	0	0	0		$|
-705046883	0	unknown_1778384896.iff	0	8.49355e-41	2.305e-41	1.61845e-38	4.6006e-41	0	0	0		$|
-751881144	0	unknown_1761607680.iff	0	1.18384e-38	2.305e-41	1.61848e-38	-3856.61	0	4.6006e-41	0		$|
-1345569223	0	unknown_1761607680.iff	0	1.18388e-38	2.305e-41	1.61848e-38	-3856.61	0	4.6006e-41	0		$|
-1206670895	0	unknown_1761607680.iff	0	1.18399e-38	2.305e-41	1.61848e-38	-3856.61	0	4.6006e-41	0		$|
-215577114	0	unknown_1761607680.iff	0	1.18395e-38	2.305e-41	1.61848e-38	-3856.61	0	4.6006e-41	0		$|
-1035997989	0	unknown_1778384896.iff	0	8.45768e-41	2.305e-41	1.61848e-38	-2.6815e+33	0	-1.02291e+28	0		$|
-1177924536	0	unknown_1778384896.iff	0	8.4218e-41	2.305e-41	1.61848e-38	-1.71616e+35	0	-1.5983e+26	0		$|
-1887629108	0	unknown_1761607680.iff	0	1.18392e-38	2.305e-41	1.61845e-38	-3856.61	0	4.6006e-41	0		$|
-1615110385	0	unknown_-1946157056.iff	0	3.71419e-38	-3.1799e-34	1.31005e-11	4.6006e-41	0	0	0		$|
-1664949784	0	unknown_-2063597568.iff	0	1.03477e-07	-0.169267	3.366e-22	-4.66929e+34	0	-1.84218e+36	0		$|
-2009989073	0	unknown_117440512.iff	0	1.31214e-24	-1.49305	0.00157873	-8.21366e-35	2.94148e-23	1.98498e+35	-1.22246e-11		$|
-1421450418	0	unknown_1912602624.iff	0	3.97835	-3.72107e-13	3.14963e-30	4.6006e-41	0	0	0		$|
-2102312915	0	unknown_0.iff	0	1.46947e-38	-3.10287e+22	5.89066e-39	4.6006e-41	0	0	0		$|
-884100302	0	unknown_0.iff	0	1.46947e-38	221449	1.76456e-38	4.6006e-41	0	0	0		$|
-957946238	0	unknown_0.iff	0	1.46947e-38	3.58314e-17	1.17685e-38	-3856.61	0	4.6006e-41	0		$|
-1653316022	0	unknown_0.iff	0	1.46947e-38	-1.80146e-36	1.39079e-41	-3856.61	0	4.6006e-41	0		$|
-883818118	0	unknown_-1879048192.iff	0	0.911915	-1.39785e+26	6.07363e-37	4.6006e-41	0	0	0		$|
-1674570404	0	unknown_-1862270976.iff	0	5.57973e-30	9.32516e+08	4.41079e-18	-6.70374e+32	0	-2.6815e+33	0		$|
-2132041428	0	unknown_150994944.iff	0	4.69733e-35	27.3395	1.5998e-21	1.51483e+08	0	-1.97988e+35	0		$|
-1995027156	0	unknown_-1744830464.iff	0	7.02017e-23	-3.68888e+34	141.569	4.6006e-41	0	0	0		$|
-627406792	0	unknown_-1694498816.iff	0	9.8976e-30	5.90032e-20	4.89361e-33	4.6006e-41	0	0	0		$|
-792200356	0	unknown_-1610612736.iff	0	5.04834e-37	2.305e-41	4.28262e-05	4.6006e-41	0	0	0		$|
-2021053199	0	unknown_419430400.iff	0	6.86854e-07	-21544.1	1.03947e-06	-3.06295e-10	0	10810.6	0		$|
-1655834901	0	unknown_-1325400064.iff	0	1.89347e-12	4.65664e-06	1.76206e-16	3.53701e-28	4.16072e-23	-9.64209e-37	-123925		$|
-2002742556	0	unknown_134217728.iff	0	0.857861	-6.74702e-16	1476.38	2.00098e+24	4.672e-27	3.33117e-37	-3.04764e+26		$|
-203108972	0	unknown_-1275068416.iff	0	0.0569904	-0.0401499	0.00740496	-8.91228e+08	6.25321e+10	0.000888642	-1.23028e-33		$|
-2080024834	0	unknown_-1275068416.iff	0	14.402	-2.85825e-27	1.65101e-18	-0.591694	-2.59707e-24	9.64386e+27	-1.19773e+17		$|
-301430687	0	unknown_704643072.iff	0	2.25662e-20	-6.57594e+23	1.23982e-37	4.6006e-41	0	0	0		$|
-1437893857	0	unknown_637534208.iff	0	3.69118e-10	2.305e-41	5.6292e-38	4.6006e-41	0	0	0		$|
-1995318646	0	unknown_-1090519040.iff	0	5.97794e-35	-1.43498e-08	1.50189e-07	4.6006e-41	0	0	0		$|
-1043341783	0	unknown_-1090519040.iff	0	2.92749e-22	3.96208e-36	2.77829e-32	4.6006e-41	0	0	0		$|
-1636372585	0	unknown_637534208.iff	0	1.98708e-16	9.37087e+29	1.89359e-30	1.3518e-21	0	-4.7816e-19	0		$|
-1549458274	0	unknown_704643072.iff	0	9.28339e-09	-1.64149e-16	9.71512e-20	4.6006e-41	0	0	0		$|
-710864812	0	unknown_704643072.iff	0	1.58946	0.000882138	2.3259e-16	4.6006e-41	0	0	0		$|
-1105063948	0	unknown_436207616.iff	0	1.02866e-21	2.20005e+18	1.04269e-25	1.34255e+09	3.58261e-15	3971.7	1.51918e+27		$|
-1687413602	0	unknown_-872415232.iff	0	3.34942e-31	-3.74477e-33	7.25209e-08	9.37368e+15	0	-3.88524e-37	0		$|
-989487590	0	unknown_-838860800.iff	0	0.287871	2.28258e+10	7.25209e-08	4.6006e-41	0	0	0		$|
-1863346120	0	unknown_-855638016.iff	0	6.02761e-28	-0.384432	1.43483e-05	4.6006e-41	0	0	0		$|
-594095850	0	unknown_67108864.iff	0	3.08295e-16	-2.41775e+28	1.22391e-30	4.6006e-41	0	0	0		$|
-138482116	0	unknown_67108864.iff	0	3.63785e-16	1.09946e+16	5.1645e-27	6.15996e+11	0	-2492.39	0		$|
-252580430	0	unknown_1627389952.iff	0	4.46488e-39	-12.8284	8.1392e-39	-9.30331e+15	0	2.56549e-32	0		$|
-921177938	0	unknown_1426063360.iff	0	7.40362e-39	-8.90229e+08	8.1392e-39	4.6006e-41	0	0	0		$|
-910078558	0	unknown_1627389952.iff	0	4.46488e-39	2.82135e+38	8.87388e-39	-9.30331e+15	0	2.56549e-32	0		$|
-1132430339	0	unknown_1627389952.iff	0	1.1077e-38	-1.23588e-24	8.87388e-39	-9.30331e+15	0	2.56549e-32	0		$|
-1625651051	0	unknown_-822083584.iff	0	3.8973e-37	1.35159e-21	2.32658e-34	-2.6815e+33	0	-1.02292e+28	0		$|
-462526256	0	unknown_1476395008.iff	0	4.92402e-41	-5.88856e-38	2.21032e-38	-1.27636e+17	0	2.36019e-38	0		$|
-1131781999	0	unknown_1476395008.iff	0	5.21101e-41	-2.3065e+29	2.21032e-38	-1.27636e+17	0	2.36019e-38	0		$|
-413397041	0	unknown_-1258291200.iff	0	5.06752e-41	-1.89272e+32	2.21032e-38	4.6006e-41	0	0	0		$|
-1273329030	0	unknown_-1711276032.iff	0	1.47085e-38	3.57611e-31	1.47216e-38	4.6006e-41	0	0	0		$|
-1738581456	0	unknown_-637534208.iff	0	1.10821e-38	4.26765e-28	1.32917e-38	-1.75735e+38	0	-1.56086e+23	0		$|
-1944920533	0	unknown_-637534208.iff	0	1.10821e-38	1.82231e-23	1.62304e-38	-2.6815e+33	0	-1.02292e+28	0		$|
-1939326314	0	unknown_-637534208.iff	0	1.40208e-38	9.94184e-17	1.62304e-38	-1.63668e+29	0	-1.67594e+32	0		$|
-732328962	0	unknown_-637534208.iff	0	1.69595e-38	-4.45027e+25	1.62304e-38	-2.6815e+33	0	-1.02292e+28	0		$|
-1221808278	0	unknown_-637534208.iff	0	1.98983e-38	-1.11012e-05	1.62304e-38	-6.70384e+32	0	-2.6815e+33	0		$|
-1386635408	0	unknown_-637534208.iff	0	2.2837e-38	-2.74616e-29	1.62304e-38	-6.70384e+32	0	-2.6815e+33	0		$|
-1237855479	0	unknown_-637534208.iff	0	2.26621e-39	1.69201e-38	1.62304e-38	-6.70384e+32	0	-2.6815e+33	0		$|
-1264648225	0	unknown_-637534208.iff	0	5.20495e-39	-3.23546e+22	1.62304e-38	-6.70384e+32	0	-2.6815e+33	0		$|
-1144555814	0	unknown_-637534208.iff	0	8.14368e-39	-3.85785e-24	1.62304e-38	-6.70384e+32	0	-2.6815e+33	0		$|
-292408361	0	unknown_-637534208.iff	0	1.10824e-38	-0.0198051	1.62304e-38	-6.70384e+32	0	-2.6815e+33	0		$|
-581805170	0	unknown_-637534208.iff	0	5.20495e-39	0.494616	1.32917e-38	-6.70384e+32	0	-2.6815e+33	0		$|
-2031151916	0	unknown_-637534208.iff	0	8.14368e-39	3.59554e-19	1.32917e-38	-6.70384e+32	0	-2.6815e+33	0		$|
-701444302	0	unknown_-637534208.iff	0	2.26621e-39	1.0202e-16	1.32917e-38	-6.70384e+32	0	-2.6815e+33	0		$|
-744198680	0	unknown_-637534208.iff	0	2.2837e-38	2.59367e+10	1.32917e-38	-6.70384e+32	0	-2.6815e+33	0		$|
-34004951	0	unknown_-637534208.iff	0	1.98983e-38	1.78868e+36	1.32917e-38	-6.70384e+32	0	-2.6815e+33	0		$|
-759823199	0	unknown_-637534208.iff	0	1.69595e-38	6.42902e-17	1.32917e-38	-6.70384e+32	0	-2.6815e+33	0		$|
-1936132872	0	unknown_-637534208.iff	0	1.40208e-38	2.46894e-31	1.32917e-38	-6.70384e+32	0	-2.6815e+33	0		$|
-2017318920	0	unknown_-637534208.iff	0	1.10824e-38	-5.3798e-21	1.32917e-38	-1.63668e+29	0	-1.67594e+32	0		$|
-1282861026	0	unknown_-620756992.iff	0	1.49815e-13	nan	4.80417	-4.09305e-18	0	-2.91464e-37	0		$|
-583656874	0	unknown_83886080.iff	0	1.16016e-36	-9.24213e-14	2.75694e-11	7.57601e+19	1.47766e-30	0	0		$|
-1418836860	0	unknown_2063597568.iff	0	8.88536e-39	-64.3579	2.28445e-38	-7.92777e+26	0	434954	0		$|
-428224327	0	unknown_-1711276032.iff	0	5.21194e-39	-0.000727464	1.91711e-38	4.6006e-41	0	0	0		$|
-297055952	0	unknown_100663296.iff	0	5.83879e-41	-8.53151e+21	1.0312e-38	4.6006e-41	0	0	0		$|
-1912830188	0	unknown_100663296.iff	0	1.18123e-38	-3.59595e+29	1.0312e-38	4.6006e-41	0	0	0		$|
-1613498237	0	unknown_100663296.iff	0	5.65942e-41	-6.46395e-33	1.0312e-38	4.6006e-41	0	0	0		$|
-1736047103	0	unknown_100663296.iff	0	5.5518e-41	-5.95214e-17	1.0312e-38	4.6006e-41	0	0	0		$|
-1739013128	0	unknown_83886080.iff	0	3.55148e-13	8.98157e-18	8.73575e-08	4.6006e-41	0	0	0		$|
-995818765	0	unknown_419430400.iff	0	9.1378e-23	6.60978e-41	1.17404e-19	-2.47072e-20	0	1.80468e-29	0		$|
-1184093377	0	unknown_-1107296256.iff	0	0.00809664	2.305e-41	1.92778e-33	3.766e-27	0	0.000194767	0		$|
-1846444453	0	unknown_-1107296256.iff	0	1.11565e-31	-1.93041e-10	1.78854e-19	7.54949e-24	0	-1.21952e-29	0		$|
-1241499727	0	unknown_-1124073472.iff	0	1.38079e-08	2.305e-41	7.36785e-09	-2.0548e-26	0	-6.97982e+12	0		$|
-1753446084	0	unknown_-1107296256.iff	0	6.35139e-33	2.305e-41	1.00865e-19	9.1714e+32	0	-5.28322e-20	0		$|
-1549312499	0	unknown_-1107296256.iff	0	1.25797e-37	1.73821e+34	9.89508e-17	1.75754e-19	0	2.48293e-32	0		$|
-1153997429	0	unknown_-268435456.iff	0	4.73025e-32	2.31141e+11	31.7706	5.71078e+16	1.86383e-29	-1.68012e+13	5.6389e-12		$|
-1611028384	0	unknown_-234881024.iff	0	1.56427e-30	2.305e-41	3.54111e-36	4.6006e-41	0	0	0		$|
-269539360	-1611028384	unknown_989921280.iff	16777216	0	0	0	4.6006e-41	0	0	0		$|
-164785857	-1611028384	unknown_989921280.iff	33554432	0	0	0	4.6006e-41	0	0	0		$|
-1985595830	-164785857	unknown_-1862205440.iff	0	-1.36442e+17	3.40238e+10	-3113.39	9.84139e-32	0	2037.52	0		$|
-1195867621	-164785857	unknown_-1862205440.iff	0	-3.34537e+09	3.40238e+10	9.06682e-27	4.6006e-41	0	0	0		$|
-412269090	-164785857	unknown_-1761542144.iff	0	-1.75175e-38	3.40238e+10	1.41443e+23	4.6006e-41	0	0	0		$|
-297750540	-1611028384	unknown_989921280.iff	50331648	0	0	0	4.6006e-41	0	0	0		$|
-309308744	-297750540	unknown_1962999808.iff	0	1.5487e+15	-1.04883e+37	1.05323e+37	nan	0	-1.94712e-28	0		$|
-965669038	-297750540	unknown_-2147418112.iff	0	-5.04178e+29	-5.29316e-34	1.60493e-14	0.00026414	0	8.36086e-23	0		$|
-1937226253	-297750540	unknown_-2147418112.iff	0	7.99603e+15	-192421	-6.87098e-06	2.81688e+18	0	-9.40291e-28	0		$|
-2038846035	-297750540	unknown_-2147418112.iff	0	-8.21228e-19	-5.49437e+12	-3.60532e-11	-6.3288e-29	-4.58377e-29	-1.08548e-38	9.25505e-14		$|
-747013155	-297750540	unknown_-2130640896.iff	0	8.71219e-05	-4.39851e-39	6.73419e+08	1.60039e+32	0	-4.61835e+30	0		$|
-1540885	-297750540	unknown_-2113863680.iff	0	-4.31962e-38	-6.22677e+29	5.78622e+14	5.64888e+35	0	2.14326e+09	0		$|
-986579903	-297750540	unknown_1610678272.iff	0	3.22996e+31	-3.37554e+10	7.18101e-28	2.48693e-15	0	5.56426e-21	0		$|
-352128071	-297750540	unknown_-2113863680.iff	0	3.3486e+33	-1.44978e+20	-1.97824e+23	1.60039e+32	0	-4.61835e+30	0		$|
-2115791403	-297750540	unknown_1677787136.iff	0	1.19082e+26	-6.5269e-24	6.71592e-20	2.83129e-08	0	-8.74326e-09	0		$|
-66580030	-297750540	unknown_-2097086464.iff	0	-2.41778e+25	-1.09937e-16	nan	-6.70374e+32	0	-4.0917e+28	0		$|
-1947203364	-297750540	unknown_1342242816.iff	0	-1.40915e+20	-9.68731e-32	-2.01625e-07	4.6006e-41	0	0	0		$|
-158125707	-1611028384	unknown_989921280.iff	67108864	0	0	0	4.6006e-41	0	0	0		$|
-529214055	-158125707	unknown_1040252928.iff	0	-1.14281e-37	5.85296e+06	-8.01789e+06	-510.994	0	3.39578e-25	0		$|
-324923437	-158125707	unknown_1040252928.iff	0	5.71425e-05	-7.79187e+07	5.44083e+10	-510.994	0	3.39578e-25	0		$|
-1639862559	-158125707	unknown_1023475712.iff	0	1.26715e-33	5.28284e+07	-3.88081e-32	-510.994	0	3.39578e-25	0		$|
-1790333262	-158125707	unknown_1023475712.iff	0	-6.5891e-18	-6.09549e+07	2.24264e+26	-510.994	0	3.39578e-25	0		$|
-1274716098	-158125707	unknown_1040252928.iff	0	5.4108e+25	5.85296e+06	2.94709e-35	-510.994	0	3.39578e-25	0		$|
-1104577268	-158125707	unknown_1862336512.iff	0	0.131772	128.501	-1.37664e+36	-4.25326e+10	0	1.90596e-07	0		$|
-1113774304	-158125707	unknown_1862336512.iff	0	0.000145006	128.501	1.6546e+13	8.55277e-12	0	-1.08052e+16	0		$|
-1688464831	-158125707	unknown_1744896000.iff	0	3.08952e-16	6.64334e-24	-1.33351e+21	-3.3702e+27	0	1.22988e+12	0		$|
-290661063	-158125707	unknown_1862336512.iff	0	6.94791e-34	3.86694e-34	-3.9839e-23	1.44018e+06	0	2.17747e-10	0		$|
-1286256189	-158125707	unknown_1862336512.iff	0	-1.25668e+32	128.501	-2.74877e-14	3.0456e+10	0	-15.5242	0		$|
-209502341	-158125707	unknown_-2080309248.iff	0	6.33056e-23	1.62894e+32	-1.3572e+16	3.71013e-20	0	-2.84699e+07	0		$|
-2021565079	-158125707	unknown_1862336512.iff	0	-3.90038e-34	-4.15209e-25	1.81895e+24	-1.63556e-08	0	-0.349314	0		$|
-1793928123	-158125707	unknown_-2063532032.iff	0	-1.28155e-11	3.79268e+22	8.00061e-07	-4.61698e-32	0	-15131.6	0		$|
-1333645070	-158125707	unknown_1962999808.iff	0	2.4835e+08	-7.26166e-12	-97727.5	1.52394e-33	0	-4.18908e-34	0		$|
-2142855020	-158125707	unknown_1862336512.iff	0	-8.27271e-33	-7.13324e-15	6.88705e+34	0.0276912	0	9.31324e+34	0		$|
-31549019	-158125707	unknown_-2063532032.iff	0	-5.58388e-18	-4.67484e-10	-5.00245e+17	0.000867579	0	5.65517e+15	0		$|
-1309059309	-158125707	unknown_-2080309248.iff	0	1.60902e+22	2.48557e+27	-3.30652e+15	5.02554e+10	0	-1.25712e-27	0		$|
-1577964417	-158125707	unknown_419495936.iff	0	3.81794e+36	1.17578e-07	-2.52761e-37	4.6006e-41	0	0	0		$|
-157801240	-158125707	unknown_-486539264.iff	0	-2.26297e+08	7.47974e-09	-1.13168e-38	4.6006e-41	0	0	0		$|
-463704860	-158125707	unknown_1342242816.iff	0	8.18108e-29	-8.08135e-37	-4.56024e-33	4.6006e-41	0	0	0		$|
-461431193	-158125707	unknown_1308688384.iff	0	1.83688e-29	6.64334e-24	-9807.44	4.6006e-41	0	0	0		$|
-1170360610	-158125707	unknown_1342242816.iff	0	1.58296e+28	4.61108e-10	-317898	4.6006e-41	0	0	0		$|
-1534915590	-1611028384	unknown_989921280.iff	83886080	0	0	0	4.6006e-41	0	0	0		$|
-1239081994	-1534915590	unknown_1258356736.iff	0	8.19756e-06	2.50271e+09	1.16619e+11	-1.82752e-38	-1.06735e-35	4.51698e-08	6.29963e-21		$|
-651564787	-1534915590	unknown_-2046754816.iff	0	1.72224	1.56717e+37	8.50893e-10	-1.10324e+21	0	8.91039e-07	0		$|
-91659678	-1534915590	unknown_1392574464.iff	0	6.63589e+23	8.10209e+11	-3.36565e-24	1.18104e+35	0	-2.55993e-38	0		$|
-578735428	-1534915590	unknown_-2046754816.iff	0	-2.28518e-16	1.39193e+22	1.78396e+09	-1.81911e-06	0	-3.89689e+21	0		$|
-9829697	-1534915590	unknown_-2046754816.iff	0	-0.0150033	1.56717e+37	-1.24899e+08	-2.5598e+35	0	-1.3268e-15	0		$|
-465227576	-1534915590	unknown_-2029977600.iff	0	-916772	8.10209e+11	-3.12047e+36	531580	0	5.37862e-33	0		$|
-953980261	-1534915590	unknown_-2029977600.iff	0	7.90667e+18	8.10209e+11	3.59202e-26	-1.73367e+32	0	-2.63306e+22	0		$|
-726125839	-1534915590	unknown_-2029977600.iff	0	-3.27669e+26	8.10209e+11	-0.00629208	1.38889e-30	0	7.07236e+25	0		$|
-604713626	-1534915590	unknown_-2029977600.iff	0	-1.20092e+15	8.10209e+11	-5.93146e+33	1.38889e-30	0	7.07236e+25	0		$|
-1102364739	-1534915590	unknown_-2013200384.iff	0	-7.4004e+22	-7.37262e-17	1.06824e+09	-5.52174e+31	0	7.50658e+07	0		$|
-1815059988	-1534915590	unknown_1812004864.iff	0	2.34202e-29	1.88739e-31	-6.70351e-35	1.38889e-30	0	7.07236e+25	0		$|
-1739681081	-1534915590	unknown_-2046754816.iff	0	5.83509e+07	3.64886e+27	3.42514e+22	-1.81911e-06	0	-3.89689e+21	0		$|
-1510308438	-1534915590	unknown_-2013200384.iff	0	-1.64547e-31	-1.88739e-14	2.12586e+22	-5.78996e+37	0	1.11857	0		$|
-1679974537	-1534915590	unknown_-1996423168.iff	0	-6.08567e+14	8.10209e+11	3.97022e-32	4.6006e-41	0	0	0		$|
-67196124	-1534915590	unknown_-1979645952.iff	0	-2.2065e-36	7.71157e-35	7.85487e+37	4.6006e-41	0	0	0		$|
-2021891732	-1534915590	unknown_1543569408.iff	0	-9.08305e-32	8.10209e+11	0.861568	-1.94102e+18	0	-1.14958e-17	0		$|
-903703455	-1534915590	unknown_1543569408.iff	0	1.45246e-25	8.10209e+11	-5.05291e+15	-9.5504e+17	0	-1.94102e+18	0		$|
-567500093	-1534915590	unknown_1543569408.iff	0	8.14998e-07	8.10209e+11	1.37877e+28	1.61788e+14	0	2.70205e-28	0		$|
-983128311	-1534915590	unknown_1543569408.iff	0	4.39604e-17	8.10209e+11	-1.95272e+10	-1.94102e+18	0	-5.82905e+13	0		$|
-2016578266	-1534915590	unknown_1543569408.iff	0	-1.33594e+32	8.10209e+11	2.37255e+29	1.08134e-11	0	-1.48247e+33	0		$|
-541218354	-1534915590	unknown_1543569408.iff	0	-1.61203e+08	8.10209e+11	160.86	-54287.7	0	-1.94102e+18	0		$|
-1474022434	-1534915590	unknown_1543569408.iff	0	-1.02806e+38	8.10209e+11	906.816	-3.70612e+32	0	4.32536e-11	0		$|
-2024722154	-1534915590	unknown_1543569408.iff	0	4.12543e-24	8.10209e+11	-2.29954e-14	-5.55906e+07	0	-1.94102e+18	0		$|
-2039803806	-1534915590	unknown_1543569408.iff	0	3.48044e-16	8.10209e+11	2.91179e-09	1.08134e-11	0	-1.48247e+33	0		$|
-892971810	-1534915590	unknown_1543569408.iff	0	-5.77294e+22	8.10209e+11	-1.82146e+21	-1.94102e+18	0	-5.82905e+13	0		$|
-1123588106	-1534915590	unknown_1543569408.iff	0	1.50484e-14	8.10209e+11	-4.32111e-19	-1.48245e+33	0	4.32536e-11	0		$|
-1067620685	-1534915590	unknown_1543569408.iff	0	-1.65168e+08	8.10209e+11	6.95156e-17	-1.94102e+18	0	-5.82905e+13	0		$|
-173114828	-1534915590	unknown_1543569408.iff	0	-1.55005e-13	8.10209e+11	3.9393e-16	-5.55906e+07	0	-1.94102e+18	0		$|
-316281626	-1534915590	unknown_1543569408.iff	0	-1.77336e-17	8.10209e+11	-1.14514e-24	1.08134e-11	0	-1.48247e+33	0		$|
-1006898946	-1534915590	unknown_1543569408.iff	0	1.06727e+29	8.10209e+11	-1.16836e+29	-1.94102e+18	0	-5.82905e+13	0		$|
-1809399437	-1534915590	unknown_1543569408.iff	0	1.96605e+30	8.10209e+11	-1.4442e+24	1.08134e-11	0	-1.48247e+33	0		$|
-2025335695	-1534915590	unknown_1543569408.iff	0	1.43099e-24	8.10209e+11	-7.34746e+11	-9.5504e+17	0	-1.94102e+18	0		$|
-84226670	-1534915590	unknown_-1962868736.iff	0	1.94095e-25	8.10209e+11	1.03396e+09	-6.70374e+32	0	-4.0917e+28	0		$|
-1056930254	-1534915590	unknown_-2046754816.iff	0	-1.01197e+32	2.39132e+32	2.0801e+26	-1.81911e-06	0	-3.89689e+21	0		$|
-1975445590	-1534915590	unknown_1543569408.iff	0	-4.18471e-07	8.10209e+11	-4.85759e+14	-2.27699e+11	0	-3.18018e+22	0		$|
-319239447	-1534915590	unknown_1543569408.iff	0	-550.832	8.10209e+11	1.59653e+26	1.13387e-05	0	-1.38066e+24	0		$|
-1748427572	-1534915590	unknown_1543569408.iff	0	-3.14245e-36	8.10209e+11	5.51646e+26	-1.94102e+18	0	-5.82905e+13	0		$|
-2000335211	-1534915590	unknown_1543569408.iff	0	-6.89305e+12	8.10209e+11	4.30507e+26	-2.37192e+34	0	2.83467e-06	0		$|
-869655487	-1534915590	unknown_-1946091520.iff	0	-2.96439e+35	8.10209e+11	21.2738	-2.59631e-06	0	-3.61429e-27	0		$|
-2001538807	-1534915590	unknown_1291911168.iff	0	1.20793e-07	8.10209e+11	-1.58458e+29	4.6006e-41	0	0	0		$|
-697475737	-1534915590	unknown_1291911168.iff	0	4.59197e+34	8.10209e+11	4.31157e-07	4.6006e-41	0	0	0		$|
-296741001	-1611028384	unknown_989921280.iff	100663296	0	0	0	4.6006e-41	0	0	0		$|
-1642387124	-296741001	unknown_1023475712.iff	0	-1.7566e+12	-1.662e+08	2.33462e+13	2.42183e-32	0	-0.000267578	0		$|
-1280382248	-296741001	unknown_1023475712.iff	0	-1.51434e-10	1.04531e+07	1.74106e-25	2.42183e-32	0	-0.000267578	0		$|
-1890029114	-296741001	unknown_1040252928.iff	0	-5.60933e-05	4.02394e+07	1.62245e+26	1.0951e+14	0	-9.91112e-21	0		$|
-125421370	-296741001	unknown_1040252928.iff	0	5.17604e+25	3.98629e+10	1.996e-12	-2.363e-27	0	6.68392e+09	0		$|
-235606195	-296741001	unknown_1040252928.iff	0	5.95306e+12	-6.56413e+08	-2.43925e+33	-9.55327e-29	0	1.66255e+14	0		$|
-924115011	-296741001	unknown_1040252928.iff	0	0.000111708	-2.48219e+06	8.51113e+10	2.84391e-35	0	-5.71893e+23	0		$|
-1618740213	-296741001	unknown_-1929314304.iff	0	2.7932e-29	3.86694e-34	-1.05901e-09	-6.54662e+29	0	-4.18984e+31	0		$|
-904264446	-296741001	unknown_-1912537088.iff	0	-4.61937e+08	-4.16496e+19	7.9544e+09	-4.36336e+14	0	2.66254e-28	0		$|
-870763476	-296741001	unknown_1929445376.iff	0	8.90573e-32	-2.96226e-35	3.81478e-21	1.04007e-30	0	-1.74535e+15	0		$|
-2062139072	-296741001	unknown_-1895759872.iff	0	1.38091e-06	-1.27069e-16	-8.00235e-20	-1.74535e+15	0	2.60014e-31	0		$|
-817371981	-296741001	unknown_1661009920.iff	0	211595	2.58508e+18	-4.35944e-07	5.54163e-18	0	-3.82963e-17	0		$|
-1971425621	-296741001	unknown_1812004864.iff	0	66369.5	2.64541e-28	2.57828e+10	4.6006e-41	0	0	0		$|
-1247205006	-296741001	unknown_1610678272.iff	0	9.90521e+26	-1.13177e-10	3.44545	-3856.57	0	4.6006e-41	0		$|
-735785526	-296741001	unknown_1291911168.iff	0	-8.06047e+21	-8.66868e-12	-17.6139	4.6006e-41	0	0	0		$|
-894056953	-1611028384	unknown_989921280.iff	117440512	0	0	0	4.6006e-41	0	0	0		$|
-933668070	-894056953	unknown_-1845493760.iff	0	8.62998e+26	-1.94379e+16	1.30024e+25	-3856.57	4.6006e-41	-4.30741e+08	5.62395e+10		$|
-1024816309	-1611028384	unknown_989921280.iff	134217728	0	0	0	4.6006e-41	0	0	0		$|
-1468084576	-1024816309	unknown_1543569408.iff	0	2.17728e-18	-7.0368e+12	-1.80505e+32	-3.51865e-26	0	-1.06676e-06	0		$|
-140217237	-1024816309	unknown_1543569408.iff	0	1.61191e+37	-7.0368e+12	1.62132e+07	-3.02853e-22	0	-5.66867e-22	0		$|
-1587493582	-1024816309	unknown_-1878982656.iff	0	1.2297e-23	-7.0368e+12	3.25779e+20	2.26448e-24	0	-7.46321e+12	0		$|
-1708840355	-1024816309	unknown_-1929314304.iff	0	-8.65104e+08	-7.0368e+12	355278	-3.08128	0	-1.10226e+20	0		$|
-709258066	-1024816309	unknown_-1929314304.iff	0	-1.99495e+08	-7.0368e+12	-8.18484e+18	-12.3251	0	-1.10226e+20	0		$|
-609473465	-1024816309	unknown_1962999808.iff	0	-0.287329	-7.0368e+12	5.14308e+19	-0.000188067	0	-1.15581e+26	0		$|
-1472778930	-1024816309	unknown_-1962868736.iff	0	4.45943e+30	4.24655e-38	7.91192e-17	-6.50209e-31	8.34619e-05	-6.40698e+25	-1.94448e-13		$|
-1634909457	-1024816309	unknown_1711341568.iff	0	1.1267e-20	-7.43944e+14	-4.58927e+33	10335.7	0	-0.123763	0		$|
-1577080823	-1024816309	unknown_-1862205440.iff	0	962300	-7.0368e+12	1.72768e-34	-6.673	0	6.17754e+26	0		$|
-1297540012	-1024816309	unknown_1543569408.iff	0	2.21419e+17	-7.0368e+12	-1.40919e+15	5.92472e+35	0	2.88595e+18	0		$|
-1866424685	-1024816309	unknown_-2029977600.iff	0	8.6984e-31	-7.0368e+12	2.64543e-32	-1.12711e+17	0	5.74916e-28	0		$|
-705039873	-1024816309	unknown_-1845428224.iff	0	1.55793e-09	-6.08532e+27	-2.73342e-06	-1.23398e+07	0	2.31502e+24	0		$|
-761281259	-1024816309	unknown_-2029977600.iff	0	3.49756e-23	-7.0368e+12	1.10694e+25	-1.23398e+07	0	2.31502e+24	0		$|
-1503244830	-1024816309	unknown_-1744830464.iff	0	2.04789e-33	-6.08532e+27	1.85346e-05	-1.23398e+07	0	2.31502e+24	0		$|
-1165601349	-1024816309	unknown_-1828651008.iff	0	-2.09732e-15	-6.08532e+27	3.13231e-12	-1.23398e+07	0	2.31502e+24	0		$|
-1468498298	-1024816309	unknown_-1811873792.iff	0	-4.47288e-07	-6.08532e+27	0.000787314	-1.23398e+07	0	2.31502e+24	0		$|
-152431970	-1024816309	unknown_-2029977600.iff	0	5.48109e-07	-7.0368e+12	-83.2554	-1.23398e+07	0	2.31502e+24	0		$|
-532866950	-1024816309	unknown_-2029977600.iff	0	-3.05704e-12	-7.0368e+12	-6.34527e+23	-1.23398e+07	0	2.31502e+24	0		$|
-138009554	-1024816309	unknown_-1828651008.iff	0	1.95558e+11	-6.08532e+27	1.16769e-21	-1.23398e+07	0	2.31502e+24	0		$|
-1991698494	-1024816309	unknown_-2029977600.iff	0	1921.05	-7.0368e+12	-2.49382e-09	-1.12711e+17	0	5.74916e-28	0		$|
-2127478854	-1024816309	unknown_-2029977600.iff	0	6.75389e+06	-7.0368e+12	1.45308e-12	-1.23398e+07	0	2.31502e+24	0		$|
-1163322988	-1024816309	unknown_1543569408.iff	0	-7.69327e-30	-2.81472e+13	-7.20787e-17	-1.98478e-17	0	-8.8573e-24	0		$|
-813554313	-1024816309	unknown_1543569408.iff	0	-1.06202e-31	-7.0368e+12	4.87507e-12	-5.32492e-36	0	-2.97345e+37	0		$|
-3319070	-1024816309	unknown_1543569408.iff	0	-4.12842e+08	-7.0368e+12	5.54979e+22	-5.37423e-12	0	0.00193403	0		$|
-938464013	-1024816309	unknown_1879113728.iff	0	-5.42116e+32	3.46556e-07	-2.42644e-13	3.06686e+33	0	9.36982e+27	0		$|
-8382809	-1611028384	unknown_989921280.iff	150994944	0	0	0	4.6006e-41	0	0	0		$|
-1932775541	-8382809	unknown_1107361792.iff	0	-7.27228e-07	-2.81472e+13	-1.86399e+06	-2.6815e+33	0	-1.02292e+28	0		$|
-1990157455	-8382809	unknown_1124139008.iff	0	-19873.9	-2.81472e+13	1.48497e+27	-1.20103e-16	0	1.09267e+33	0		$|
-992922554	-8382809	unknown_184614912.iff	0	7.3833e-27	-2.81472e+13	1.33182e-12	-2.16988e+27	0	-1.26854e-17	0		$|
-1689738250	-8382809	unknown_-1778319360.iff	0	-6.16861e+11	-2.81472e+13	-8.97587e-29	3.00998e+12	0	-8.56734e-29	0		$|
-1061104537	-8382809	unknown_536870912.iff	0	-1.29022e-26	-2.81472e+13	-8.94263e-34	3.00998e+12	0	-8.56734e-29	0		$|
-1577970088	-8382809	unknown_-1778319360.iff	0	3.8096e-16	-2.81472e+13	-3.3763e+12	-5.01553e-36	0	2.27835e+29	0		$|
-1863035339	-8382809	unknown_-1778319360.iff	0	-0.000578251	-2.81472e+13	3.85862e-09	2.29326e-37	0	-2.21708e+36	0		$|
-143324384	-8382809	unknown_536870912.iff	0	-1.1349e+06	-2.81472e+13	-6.84823e+25	2.29326e-37	0	-2.21708e+36	0		$|
-1397992883	-8382809	unknown_536870912.iff	0	6.24843e-18	-2.81472e+13	5.8753e+14	2.29326e-37	0	-2.21708e+36	0		$|
-255842239	-8382809	unknown_536870912.iff	0	5.14146e+10	-2.81472e+13	-6.6496e-15	2.29326e-37	0	-2.21708e+36	0		$|
-1999755438	-8382809	unknown_536870912.iff	0	9.36074e+07	-2.81472e+13	7.44451e-16	2.29326e-37	0	-2.21708e+36	0		$|
-259265182	-8382809	unknown_536870912.iff	0	9.22247e-05	-2.81472e+13	4.55186e+07	1.17358e+22	0	1.65958e-16	0		$|
-1622886861	-8382809	unknown_536870912.iff	0	-7.69808e-05	-2.81472e+13	-3.76553e+07	3.74225e+27	0	4.39605e-13	0		$|
-1353930262	-8382809	unknown_536870912.iff	0	-4.78402e-27	-2.81472e+13	7.07882e-10	-1.62873	0	-4.68591e-19	0		$|
-1535477878	-8382809	unknown_536870912.iff	0	0.00012085	-2.81472e+13	1.10966e+08	3.74225e+27	0	4.39605e-13	0		$|
-1808724899	-8382809	unknown_536870912.iff	0	4.34925e-05	-2.81472e+13	5.26006e+07	3.74225e+27	0	4.39605e-13	0		$|
-1206489455	-8382809	unknown_-1526726656.iff	0	5.56054e-07	-7.0368e+12	-6.50068e-21	-2.96073e-37	0	-1.61023e-27	0		$|
-357029990	-8382809	unknown_-1526726656.iff	0	1.52094e-29	-7.0368e+12	-3.26883e-22	3.15175e-37	0	-7.39447e-05	0		$|
-980931961	-8382809	unknown_-1526726656.iff	0	9.4887e+26	-7.0368e+12	-6.80925e-26	3.15175e-37	0	-7.39447e-05	0		$|
-636643166	-8382809	unknown_-1526726656.iff	0	-7.85144e+30	-7.0368e+12	1.24364e+27	-3.3925e+25	0	1.16522e-11	0		$|
-1497833036	-8382809	unknown_-1526726656.iff	0	-7.06571e-05	-7.0368e+12	2.77258e+10	-4.88878e+31	0	-1.90988e-26	0		$|
-833915657	-8382809	unknown_-1526726656.iff	0	-6.70616e+12	-7.0368e+12	8.10004e-34	3.09779	0	-5.42848e-06	0		$|
-34674753	-8382809	unknown_-1526726656.iff	0	-5352.22	-7.0368e+12	1.01722e+10	-5.42801e+26	0	-3.65222e+21	0		$|
-27416787	-8382809	unknown_-1526726656.iff	0	1.42471e-22	-7.0368e+12	1.09056e-13	4.26548e-10	0	-4.3156e-29	0		$|
-414249719	-8382809	unknown_-1526726656.iff	0	4.77863e+17	-7.0368e+12	1.53242e+38	4.26548e-10	0	-4.3156e-29	0		$|
-743080204	-8382809	unknown_-1526726656.iff	0	-6.85985e-35	-7.0368e+12	-9.27307e+35	-6.00914e+23	0	-1.21911e+37	0		$|
-1011592152	-8382809	unknown_-1526726656.iff	0	-697884	-7.0368e+12	-1.35051e-05	2.47102e+27	0	3.44665e-27	0		$|
-2130683655	-8382809	unknown_-1526726656.iff	0	-3.86938e-15	-7.0368e+12	-7.4128e+11	7.34863e-09	0	6.78205e+33	0		$|
-713258343	-8382809	unknown_-1526726656.iff	0	-6.79061e+33	-7.0368e+12	-6.89708e-28	-2.65323e+36	0	-1.72637e+30	0		$|
-392765874	-8382809	unknown_-1526726656.iff	0	-5.86637e-15	-7.0368e+12	-3.94652	2.47102e+27	0	3.44665e-27	0		$|
-956484308	-8382809	unknown_-1526726656.iff	0	5.02317e-13	-7.0368e+12	-3.46e+36	-6.00914e+23	0	-1.21911e+37	0		$|
-1504572682	-8382809	unknown_-1526726656.iff	0	1.79832e+23	-7.0368e+12	-952684	-9.9612e-12	0	6.79424e+13	0		$|
-146552784	-8382809	unknown_-1526726656.iff	0	2.36612e+31	-7.0368e+12	-87847.5	-35646.2	0	-1.50259e-11	0		$|
-722867228	-8382809	unknown_-1526726656.iff	0	-11.3967	-7.0368e+12	1.05119e-08	-6.63308e+35	0	8.05855e+34	0		$|
-1925033330	-8382809	unknown_-1526726656.iff	0	-7.48176e-34	-7.0368e+12	-2.50556e+29	-6.97058e+28	0	-4.76963e-26	0		$|
-131146824	-8382809	unknown_-1526726656.iff	0	4.64228e+23	-7.0368e+12	1.71063e-34	2.73123e-19	0	-9.72888e+26	0		$|
-261720349	-8382809	unknown_-1526726656.iff	0	-1.53613	-7.0368e+12	8.12447e+34	-3.1332e+06	0	1.9504e-31	0		$|
-1859095672	-8382809	unknown_-1526726656.iff	0	-7.88929e+12	-7.0368e+12	2.34625e+33	1.25405e-32	0	-1.03507e+24	0		$|
-1579547400	-8382809	unknown_-1526726656.iff	0	2.74439e+25	-7.0368e+12	1.89227e-26	2.73123e-19	0	-9.72888e+26	0		$|
-1899602473	-8382809	unknown_-1526726656.iff	0	1.40706e-35	-7.0368e+12	7.31272e-06	-6.97058e+28	0	-4.76963e-26	0		$|
-236840148	-8382809	unknown_-1526726656.iff	0	2.40515e+17	-7.0368e+12	-5.25565e+35	1860.85	0	-3.32425e+12	0		$|
-1917625643	-8382809	unknown_-1526726656.iff	0	1.6367e+36	-7.0368e+12	8.17354e+06	-3.56179e-11	0	5.31683e-28	0		$|
-553155954	-8382809	unknown_-1526726656.iff	0	-2.44061e-36	-7.0368e+12	6.00269e-06	9.25322e-13	0	-3506.95	0		$|
-959444916	-1611028384	unknown_989921280.iff	167772160	0	0	0	4.6006e-41	0	0	0		$|
-1813661802	-959444916	unknown_1862336512.iff	0	1.78644e+21	-7.0368e+12	-1.73551e+08	1.66186e+26	0	-7.40424e-10	0		$|
-1562620307	-959444916	unknown_-2080309248.iff	0	-3.19439e+19	-7.0368e+12	4.17465e-08	-2.06578	0	1.1554e-16	0		$|
-1542416658	-959444916	unknown_-1795096576.iff	0	-5.93267e-12	-7.0368e+12	-1.64234e+31	-1.63519e-32	0	-1.65827e+35	0		$|
-848621482	-959444916	unknown_-1862205440.iff	0	1.44164e-18	-7.0368e+12	8.78321e+21	-5.28048e+07	0	1.46641e-36	0		$|
-1695159913	-959444916	unknown_-1929314304.iff	0	2.62142e-19	-7.0368e+12	-6.57418e-06	2.14326e+09	0	6.29662e-24	0		$|
-606423212	-959444916	unknown_-2063532032.iff	0	-1.10558e+21	-7.0368e+12	-0.000932735	2.39077e+27	0	-1.9169e+38	0		$|
-1411153834	-959444916	unknown_-2063532032.iff	0	-7.11311e+14	-7.0368e+12	2.11271e-38	1.23759e+31	0	1.23841e+08	0		$|
-1710261754	-959444916	unknown_1862336512.iff	0	-4.79383e-23	-7.0368e+12	-2.6359e+16	-5.71556e+09	0	3.90694	0		$|
-671094806	-959444916	unknown_1962999808.iff	0	-8.14831e-07	-7.0368e+12	2.93468e+36	5.19084e+37	0	7.3815	0		$|
-785468011	-959444916	unknown_1862336512.iff	0	-3.15334e+22	-7.0368e+12	9.00715e-11	-0.000371044	0	-5.98819e+09	0		$|
-315867322	-959444916	unknown_1862336512.iff	0	1.72335e+13	-7.0368e+12	8.17425e+33	-1.04078e+13	0	-1.56873e+22	0		$|
-1580582540	-959444916	unknown_1862336512.iff	0	-7.00537e+09	-7.0368e+12	-6.25508e-12	1.38104e-34	0	-9.43196e+14	0		$|
-1062125959	-959444916	unknown_-2113863680.iff	0	-6.59259e-20	-7.0368e+12	-2.74065e-34	1.42824e-05	0	2.76067e+20	0		$|
-1098369487	-959444916	unknown_-2113863680.iff	0	-1.09736e+18	-7.0368e+12	-0.00593397	8.17386e+18	0	7.87209e+31	0		$|
-1608204871	-959444916	unknown_1325465600.iff	0	-11953.2	-2.81472e+13	-3.0132e+22	4.6006e-41	0	0	0		$|
-203288348	0	unknown_-201326592.iff	0	4.90516e-05	1.28304e+18	4.5585e-08	-4.67927e-24	0	-7.80094e+24	0		$|
-197226947	0	unknown_1610612736.iff	0	3.35635e-17	-2.96447e+21	1.29962e-31	4.6006e-41	0	0	0		$|
-330489759	0	unknown_1442840576.iff	0	2.65968e-28	-6.74618e+09	4.42649e-35	-2.31246e+07	5.09402e+28	-1.41201e-27	-1.21252e+37		$|
-2038393848	0	unknown_-100663296.iff	0	2.98948e-18	14106.8	6.97882e-05	-3.65175e-17	0	7.90995e-26	0		$|
-1949274203	0	unknown_65536.iff	0	1.28634e-32	1.53141e-25	1.35805e-30	3.60999e-12	-2.06694e-15	-5.16741e-16	1.44398e-11		$|
-785368174	0	unknown_234946560.iff	0	3.55749e-06	5.49726e+16	1.763e-06	2.42901e+27	1.39792e-07	0.000253199	9.01074e-21		$|
-1237861606	0	unknown_-1644167168.iff	0	1.07495e-07	0.00567094	9.74989e-14	-1.33123e-36	0	4.92232e-21	0		$|
-366472177	0	unknown_1962934272.iff	0	0.00133338	-4.21451e-21	5.48416	7.57601e+19	1.47766e-30	0	0		$|
-1553317382	0	unknown_302055424.iff	0	1.18377e-38	2.305e-41	5.89963e-39	-3856.61	0	4.6006e-41	0		$|
-2052808041	-1553317382	unknown_989921280.iff	16777216	0	0	0	4.6006e-41	0	0	0		$|
-2139869336	-1553317382	unknown_989921280.iff	33554432	0	0	0	4.6006e-41	0	0	0		$|
-1431176436	-1553317382	unknown_989921280.iff	50331648	0	0	0	4.6006e-41	0	0	0		$|
-491517721	-1553317382	unknown_989921280.iff	67108864	0	0	0	4.6006e-41	0	0	0		$|
-1866550575	-1553317382	unknown_989921280.iff	83886080	0	0	0	4.6006e-41	0	0	0		$|
-779293093	-1553317382	unknown_989921280.iff	100663296	0	0	0	4.6006e-41	0	0	0		$|
-43383566	0	unknown_2046820352.iff	0	4.51736e-24	-3.31543e-14	0.665348	4.6006e-41	0	0	0		$|
-1584938993	0	unknown_1593835520.iff	0	2.46948e-29	4.45753e-41	2.57285e-20	-6.70374e+32	0	-2.6815e+33	0		$|
-1800488992	0	unknown_1593835520.iff	0	9.19213e-30	4.45753e-41	9.82144e-29	4.6006e-41	0	0	0		$|
-555702384	0	unknown_1593835520.iff	0	1.23476e-29	4.45753e-41	9.82159e-29	-6.70374e+32	0	-2.6815e+33	0		$|
-1198649115	0	unknown_369164288.iff	0	2.66173e-36	4.45753e-41	2.59546e-15	5.74411e+29	0	1.27368e-37	0		$|
-962758963	0	unknown_-754974720.iff	0	7.6146e-35	4.45753e-41	8.70896e-16	1.12792e-27	0	5.97792e-30	0		$|
-632074337	0	unknown_419495936.iff	0	4.51893e-10	1.00719e+12	1.68726e-31	nan	0	-4.216e-15	0		$|
-1229032987	0	unknown_67108864.iff	0	4.9428e-17	1.77098e-12	1.79393e-36	2.52472e+32	0	3.8255e-11	0		$|
-942945319	0	unknown_1308622848.iff	0	2.68573e-35	2.49717e-29	0.0145636	-153.745	0	91866.5	0		$|
-2126718124	0	unknown_436273152.iff	0	1.15338e-22	-5.43519e-30	1.85516e-19	4.6006e-41	0	0	0		$|
-1907236315	0	unknown_436273152.iff	0	24.8038	-5.43519e-30	0.0490778	4.6006e-41	0	0	0		$|
-1985898703	0	unknown_1744830464.iff	0	1.32432e-38	3.41467e+37	3.86576e-41	4.6006e-41	0	0	0		$|
-118002222	0	unknown_1744830464.iff	0	1.17739e-38	-2.0851e+06	4.081e-41	4.6006e-41	0	0	0		$|
-251027111	0	unknown_1879048192.iff	0	1.48866e-39	-9.38439e-08	3.97338e-41	-1.71616e+35	0	-1.59832e+26	0		$|
-663530315	0	unknown_1879048192.iff	0	1.4883e-39	7.3326e+18	3.97338e-41	-6.54662e+29	0	-4.18984e+31	0		$|
-206311818	0	unknown_0.iff	0	7.36613e-39	2.645e-16	3.65052e-41	4.6006e-41	0	0	0		$|
-1827392002	0	unknown_0.iff	0	1.32432e-38	-1.16799e-21	3.65052e-41	4.6006e-41	0	0	0		$|
-975837410	0	unknown_0.iff	0	2.05897e-38	5.09953e-26	3.65052e-41	4.6006e-41	0	0	0		$|
-2070113808	0	unknown_553713664.iff	0	1.46947e-38	1.7639e-12	2.05847e-38	4.6006e-41	0	0	0		$|
-355204490	0	unknown_553713664.iff	0	1.46947e-38	2.95307e-13	8.8294e-39	-3856.57	0	4.6006e-41	0		$|
-1354598355	0	unknown_604045312.iff	0	3.79008e-18	-4.48844e-13	1.80114e-16	545620	0	-6.6749e-27	0		$|
-896553879	0	unknown_-2113929216.iff	0	7.35305e-17	-6.98022e-12	3.16864e-26	4.6006e-41	0	0	0		$|
-960945038	-896553879	unknown_989921280.iff	16777216	0	0	0	4.6006e-41	0	0	0		$|
-1829454660	-896553879	unknown_989921280.iff	33554432	0	0	0	4.6006e-41	0	0	0		$|
-1224523700	-896553879	unknown_989921280.iff	50331648	0	0	0	4.6006e-41	0	0	0		$|
-1873796478	-896553879	unknown_989921280.iff	67108864	0	0	0	4.6006e-41	0	0	0		$|
-2057656848	-896553879	unknown_989921280.iff	83886080	0	0	0	4.6006e-41	0	0	0		$|
-1485503884	-896553879	unknown_989921280.iff	100663296	0	0	0	4.6006e-41	0	0	0		$|
-1364400490	0	unknown_1744830464.iff	0	8.09816e-34	0.00682703	6.23272e-27	-1.96811e+22	0	2.62407e+32	0		$|
-216935611	0	unknown_1962934272.iff	0	2.08326e-13	-1.07669e+34	3.72675e-38	6.38256e+06	0	0.356287	0		$|
-143692412	0	unknown_1962934272.iff	0	1.29802e-26	-4.24985e+27	2.19018e-35	8808.56	0	-5.76755e-25	0		$|
-437824016	0	unknown_1627389952.iff	0	2.26083e-39	-4.3227e+13	1.62207e-38	4.42662e+21	0	-4.24517e+37	0		$|
-59708076	0	unknown_1627389952.iff	0	2.99551e-39	-3.41735e+21	9.60856e-39	1.77065e+22	0	-4.24517e+37	0		$|
-299138919	0	unknown_1627389952.iff	0	2.99551e-39	-8.63155e+14	1.62207e-38	4.42662e+21	0	-4.24517e+37	0		$|
-2061810060	0	unknown_1426063360.iff	0	2.99551e-39	-1.32422e+25	1.25473e-38	-9.30331e+15	0	2.56549e-32	0		$|
-217057695	0	unknown_1627389952.iff	0	2.26083e-39	3.17715e+27	9.60856e-39	7.08259e+22	0	-4.24517e+37	0		$|
-1379094172	0	unknown_1627389952.iff	0	1.1077e-38	-3.56425e+16	1.62207e-38	1.10666e+21	0	-4.24517e+37	0		$|
-1696347721	0	unknown_1627389952.iff	0	1.1077e-38	1.24254e-16	9.60856e-39	1.10666e+21	0	-4.24517e+37	0		$|
-682756580	0	unknown_1627389952.iff	0	1.18117e-38	0.0130163	1.62207e-38	1.10666e+21	0	-4.24517e+37	0		$|
-1611622620	0	unknown_1426063360.iff	0	1.18117e-38	1.3281e-06	1.25473e-38	-9.30331e+15	0	2.56549e-32	0		$|
-715255042	0	unknown_1627389952.iff	0	1.18117e-38	-4.37641e+27	9.60856e-39	7.08259e+22	0	-4.24517e+37	0		$|
-1926736030	0	unknown_-687865856.iff	0	5.95864e-39	-6.25717e+25	1.61673e-38	1.894e+19	0	9.68402e-26	0		$|
-1387964570	0	unknown_83886080.iff	0	5.95864e-39	2.36012e+15	4.22211e-42	1.894e+19	0	9.68402e-26	0		$|
-472196769	0	unknown_83886080.iff	0	1.18365e-38	1.7318e+08	1.46979e-38	1.894e+19	0	9.68402e-26	0		$|
-945142948	0	unknown_83886080.iff	0	8.08101e-41	4.88415e-25	1.46979e-38	1.894e+19	0	9.68402e-26	0		$|
-248818833	0	unknown_83886080.iff	0	1.18358e-38	-7.79127e-21	2.05754e-38	2.35104e-38	9.40403e-38	-1.06337e+37	-6.64606e+35		$|
-269052382	0	unknown_83886080.iff	0	8.11688e-41	-1.36871e+13	5.88169e-39	5.99457e+31	9.59121e+32	-1.17055e+09	-1.17055e+09		$|
-1274794848	0	unknown_100663296.iff	0	1.47745e-38	7.81867e-39	2.05754e-38	4.6006e-41	0	0	0		$|
-56184573	0	unknown_100663296.iff	0	8.11688e-41	259213	5.88169e-39	1.894e+19	-0.236501	9.68402e-26	2.73215e+28		$|
-814623210	0	unknown_1476395008.iff	0	5.06752e-41	-8.73815e+12	5.20584e-39	-6.70384e+32	0	-2.6815e+33	0		$|
-537992723	0	unknown_1476395008.iff	0	5.06752e-41	-6.65932e+36	1.54911e-38	-6.70384e+32	0	-2.6815e+33	0		$|
-1815582881	0	unknown_-1107296256.iff	0	1.45028e-35	-8.77051e-31	2.37978e-12	-1.40456e-15	0	-2.54204e+17	0		$|
-159420979	0	unknown_1593835520.iff	0	4.616	-8.28746e-11	5.07865e-37	-2.6815e+33	0	-1.02292e+28	0		$|
-150579365	0	unknown_-1493172224.iff	0	1.60884e-17	1.46136e+18	8.03215e-09	8.90679e-11	0	3.69398e-37	0		$|
-1639094105	0	unknown_704643072.iff	0	2.74393e-38	-2.35597e+38	5.37666e-27	3.38054e-27	0	-1.21121e+09	0		$|
-290757045	0	unknown_704643072.iff	0	3.148e-38	2.03491e-34	178.991	-1.08339e-36	0	-5.51943e-08	0		$|
-1798513765	0	unknown_-1124073472.iff	0	1.30662e-36	0.000671465	0.000111145	1.894e+19	0	9.68402e-26	0		$|
-51097163	0	unknown_1627389952.iff	0	2.06329e-38	nan	1.84345e-38	-0.0446841	0	4.6006e-41	0		$|
-429739339	0	unknown_1627389952.iff	0	2.13676e-38	3.50587e-07	1.18223e-38	-0.0446841	0	4.6006e-41	0		$|
-406364626	0	unknown_1627389952.iff	0	2.13676e-38	-5.8733e+35	1.84345e-38	-0.0446841	0	4.6006e-41	0		$|
-1767266583	0	unknown_1426063360.iff	0	2.13676e-38	-5.3553e-37	1.4761e-38	-9.08526e+12	0	4.00858e-34	0		$|
-254656759	0	unknown_1627389952.iff	0	2.06329e-38	-1.99612e+36	1.18223e-38	-0.0446841	0	4.6006e-41	0		$|
-1262088136	0	unknown_1627389952.iff	0	1.18171e-38	8.47804e-19	1.18223e-38	-0.0446841	0	4.6006e-41	0		$|
-2094255330	0	unknown_1426063360.iff	0	1.18171e-38	26.1534	1.4761e-38	-9.08526e+12	0	4.00858e-34	0		$|
-1762309558	0	unknown_1627389952.iff	0	1.10824e-38	0.0933728	1.18223e-38	-0.0446841	0	4.6006e-41	0		$|
-565723499	0	unknown_1627389952.iff	0	8.87801e-39	-1.21944e+19	1.18223e-38	-0.0446841	0	4.6006e-41	0		$|
-162162303	0	unknown_1426063360.iff	0	9.61269e-39	-1.59575e+13	1.4761e-38	-9.08526e+12	0	4.00858e-34	0		$|
-1434120796	0	unknown_1627389952.iff	0	9.61269e-39	3.03695e+36	1.84345e-38	-0.0446841	0	4.6006e-41	0		$|
-467321451	0	unknown_1627389952.iff	0	9.61269e-39	0.00775841	1.18223e-38	-0.0446841	0	4.6006e-41	0		$|
-148571755	0	unknown_1627389952.iff	0	8.87801e-39	4.3666e-26	1.84345e-38	-0.0446841	0	4.6006e-41	0		$|
-1263336362	0	unknown_1593835520.iff	0	6.7882e-27	-3.46759e-13	1.53135e-39	1.894e+19	0	9.68402e-26	0		$|
-424696814	0	unknown_1627389952.iff	0	5.94788e-39	7.84627e-09	2.21125e-38	1.77065e+22	0	-4.24517e+37	0		$|
-708869042	0	unknown_1627389952.iff	0	8.88661e-39	-1.05686e+24	1.55004e-38	4.42662e+21	0	-4.24517e+37	0		$|
-291920284	0	unknown_1627389952.iff	0	8.88661e-39	-6.25697e+32	2.21125e-38	1.77065e+22	0	-4.24517e+37	0		$|
-568959609	0	unknown_1426063360.iff	0	8.88661e-39	-2.37303e-07	1.84391e-38	-9.30331e+15	0	2.56549e-32	0		$|
-406412746	0	unknown_1627389952.iff	0	5.94788e-39	-1.74368e-22	1.55004e-38	1.10666e+21	0	-4.24517e+37	0		$|
-1614548558	0	unknown_-1124073472.iff	0	1.47637e-38	2.66606e+17	1.10923e-38	1.894e+19	0	9.68402e-26	0		$|
-1574522746	0	unknown_1560281088.iff	0	7.04068e-41	-5.48165e+15	7.23813e-41	3.87357e-25	0	4.73501e+18	0		$|
-1805608887	0	unknown_83886080.iff	0	0.000697155	1.06359e-16	2.80671e-19	4.6006e-41	0	0	0		$|
-456609760	0	unknown_83886080.iff	0	2.5971e-12	-1.27121e-11	4.59794e-26	4.00858e-34	-5.95421e+17	0	0		$|
-641500205	0	unknown_100663296.iff	0	3.6803e-17	2.03642e-32	1.58338e-20	4.6006e-41	0	0	0		$|
-1915350060	0	unknown_1627389952.iff	0	9.11971e-30	-1.72266e-31	7.16534e-06	4.6006e-41	0	0	0		$|
-1325981554	0	unknown_352321536.iff	0	4.88893e-22	1.29164e+10	2.33655e-18	-9.90229e-35	0	5.01634e-08	0		$|
-274519735	0	unknown_-1711276032.iff	0	1.25554e-38	1.17307e+11	8.8667e-39	4.6006e-41	0	0	0		$|
-2064323194	0	unknown_-167772160.iff	0	0.179154	-1.90234e-13	2.82977e-08	-5.17709e+14	1.66761e+28	-1.37862e-21	-7.32225e+28		$|
-303668676	0	unknown_1677721600.iff	0	9.72825e-33	1.88467e-08	0.00381358	-1.70139e+38	-1.70141e+38	-1.70141e+38	2.35101e-38		$|
-1136684525	0	unknown_1677721600.iff	0	4.38122e-17	1.14888e-10	7.63386e-28	2.35104e-38	-1.06338e+37	-1.06337e+37	2.35101e-38		$|
-1669810879	0	unknown_83886080.iff	0	1.98233e-21	2.35216e-05	1.12289e-29	-1.33641e-29	-9.36935e-31	10.0228	2.77186e-11		$|
-1718904263	0	unknown_83886080.iff	0	5.0478e-10	-4.43293e+16	9.09533e-37	0	0	-3.90209e+22	4.00858e-34		$|
-393877271	0	unknown_-687865856.iff	0	6.362e-09	4.47059e-07	2.88208e-11	4.6006e-41	0	0	0		$|
-175123206	0	unknown_-687865856.iff	0	1.45332e-09	2.92685e+10	8.6003e-32	7.57601e+19	0	1.47766e-30	0		$|
-1158989973	0	unknown_1560281088.iff	0	1.54022	-5.45492e+26	7.30212e-06	0	0	4.6006e-41	0		$|
-1396597902	0	unknown_-1107296256.iff	0	388.318	6.31347e+26	0.0084855	4.6006e-41	0	0	0		$|
-1492091250	0	unknown_-570425344.iff	0	2.58798e-21	4.12757e+31	20.3378	4.6006e-41	0	0	0		$|
-385395188	0	unknown_-1291845632.iff	0	2.6991e-36	-1.79381e+21	1.37795e-35	9.62124e-10	0	1.53598e+06	0		$|
-439492204	0	unknown_-1996488704.iff	0	1.99501e-13	4.95061e+19	1.32921e-29	9.51917e-17	-6.11459e+12	0.32316	1.40425e-36		$|
-276331674	0	unknown_2113929216.iff	0	1.05076e-20	9.61131e-06	0.0121704	4.61771e+22	-1.32357e+26	2.30669e-20	-6.81705e-18		$|
